2	修复神水	1	1	1	0
1	祝福油	1	1	1	0
1	超级祝福油	1	1	1	0
1	金条	1	1	1	0
1	金砖	1	1	1	0
5	求婚戒指	1	1	1	0
1	沃玛号角	1	1	1	0
2	瞬间回城石	1	1	1	0
1	记忆石	1	1	1	0
2	回城石	1	1	1	0
2	营地回城石	1	1	1	0
2	比奇传送石	1	1	1	0
2	荣耀随机石	1	1	1	0
2	随机传送石	1	1	1	0
1	千里传音卷	1	1	1	0
2	矿泉水	1	1	1	0
2	急救包	1	1	1	0
2	医疗箱	1	1	1	0
2	***********技能书**********	1	1	1	0
1	基本剑术	1	1	1	0
1	攻杀剑术	1	1	1	0
1	刺杀剑术	1	1	1	0
1	半月弯刀	1	1	1	0
1	野蛮冲撞	1	1	1	0
1	烈火剑法	1	1	1	0
1	雷霆剑法	1	1	1	0
1	狮子吼	1	1	1	0
1	双龙斩	1	1	1	0
1	彻地钉	1	1	1	0
1	斩神之武・剑气	1	1	1	0
1	龙影剑法	1	1	1	0
1	龙炎火光・逐日	1	1	1	0
1	擒龙手	1	1	1	0
1	火球术	1	1	1	0
1	大火球	1	1	1	0
1	抗拒火环	1	1	1	0
1	诱惑之光	1	1	1	0
1	地狱火	1	1	1	0
1	雷电术	1	1	1	0
1	瞬息移动	1	1	1	0
1	爆裂火焰	1	1	1	0
1	火墙	1	1	1	0
1	疾光电影	1	1	1	0
1	地狱雷光	1	1	1	0
1	魔法盾	1	1	1	0
1	圣言术	1	1	1	0
1	冰咆哮	1	1	1	0
1	流星火雨	1	1	1	0
1	精神力战法	1	1	1	0
1	治愈术	1	1	1	0
1	灵魂火符	1	1	1	0
1	召唤骷髅	1	1	1	0
1	隐身术	1	1	1	0
1	集体隐身术	1	1	1	0
1	幽灵盾	1	1	1	0
1	神圣战甲术	1	1	1	0
1	心灵启示	1	1	1	0
1	困魔咒	1	1	1	0
1	召唤神兽	1	1	1	0
1	群体治疗术	1	1	1	0
1	飓风破	1	1	1	0
1	群体施毒术	1	1	1	0
1	气功波	1	1	1	0
1	净化术	1	1	1	0
1	无极真气	1	1	1	0
1	噬血术	1	1	1	0
1	解毒术	1	1	1	0
1	诅咒术	1	1	1	0
1	召唤宠物	1	1	1	0
1	乾坤大挪移	1	1	1	0
1	分身术	1	1	1	0
1	护体神盾	1	1	1	0
1	倚天辟地	1	1	1	0
2	***********自定义技能*********	1	1	1	0
1	十步一杀	1	1	1	0
1	杀戮者的意志	1	1	1	0
1	寒冰之怒	1	1	1	0
1	金刚不坏	1	1	1	0
1	天神之盾	1	1	1	0
1	暴血之怒	1	1	1	0
1	魔之凝视	1	1	1	0
2	***********经验转生*********	1	1	1	0
1	红名清除卷轴	1	1	1	0
1	暂无产出数据	1	1	1	0
1	重头再来卷轴	1	1	1	0
2	0	1	1	1	0
1	0	1	1	1	0
1	0	1	1	1	0
2	0	1	1	1	0
1	经验卷(1%)1	1	1	1	0
1	经验卷(2%)1	1	1	1	0
1	经验卷(5%)1	1	1	1	0
1	经验卷(10%)1	1	1	1	0
2	0	1	1	1	0
2	0	1	1	1	0
2	0	1	1	1	0
2	0	1	1	1	0
2	***********材料类*********	1	1	1	0
1	神祈之泪	1	1	1	0
1	称号卷	1	1	1	0
1	云顶结晶	1	1	1	0
1	时装羽毛	1	1	1	0
1	技能强化卷	1	1	1	0
1	改名卡	1	1	1	0
1	神魔碎片	1	1	1	0
1	装备等级调整箱	1	1	1	0
2	0	1	1	1	0
2	0	1	1	1	0
1	0	1	1	1	0
1	跑酷证明	1	1	1	0
1	工匠石	1	1	1	0
1	火腿肠	1	1	1	0
2	0	1	1	1	0
2	0	1	1	1	0
1	蒜香肠・ＢＵＦＦ	1	1	1	0
1	水晶肠・ＢＵＦＦ	1	1	1	0
1	热狗肠・ＢＵＦＦ	1	1	1	0
1	爆裂肠・ＢＵＦＦ	1	1	1	0
1	红包	1	1	1	0
2	0	1	1	1	0
1	深渊之地入场券1	1	1	1	0
1	扎昆洞穴入场券1	1	1	1	0
2	0	1	1	1	0
1	五行石	1	1	1	0
1	五行石(99)x5	1	1	1	0
1	五行石(99)x10	1	1	1	0
2	0	1	1	1	0
1	古	1	1	1	0
1	神	1	1	1	0
1	传	1	1	1	0
1	承	1	1	1	0
1	踏	1	1	1	0
1	天	1	1	1	0
1	之	1	1	1	0
1	力	1	1	1	0
2	0	1	1	1	0
1	***********技能书*********	1	1	1	0
1	魔法盾[封]	1	1	1	0
1	护体神盾[封]	1	1	1	0
1	群体施毒术[封]	1	1	1	0
1	半月弯刀[封]	1	1	1	0
1	十步一杀[封]	1	1	1	0
2	0	1	1	1	0
2	0	1	1	1	0
2	0	1	1	1	0
2	**********货币**********	1	1	1	0
2	0	1	1	1	0
1	50元宝	1	1	1	0
1	100元宝	1	1	1	0
1	200元宝	1	1	1	0
1	500元宝	1	1	1	0
1	1000元宝	1	1	1	0
1	3000元宝	1	1	1	0
1	5000元宝	1	1	1	0
1	1w元宝	1	1	1	0
1	5w元宝	1	1	1	0
1	10w元宝	1	1	1	0
1	50w元宝	1	1	1	0
1	100w元宝	1	1	1	0
1	500w元宝	1	1	1	0
1	1000w元宝	1	1	1	0
2	0	1	1	1	0
1	藏宝盒	1	1	1	0
1	藏宝箱	1	1	1	0
1	绝世盒	1	1	1	0
1	绝世箱	1	1	1	0
2	0	1	1	1	0
2	**********新手装备**********	1	1	1	0
4	新手剑	1	1	1	0
3	新手甲	1	1	1	0
2	0	1	1	1	0
2	0	1	1	1	0
2	0	1	1	1	0
2	0	1	1	1	0
2	**********一阶装备**********	1	1	1	0
4	木杖	1	1	1	0
3	布甲	1	1	1	0
5	头盔	1	1	1	0
5	项链	1	1	1	0
5	手镯	1	1	1	0
5	戒指	1	1	1	0
7	腰带	1	1	1	0
7	鞋子	1	1	1	0
2	0	1	1	1	0
2	0	1	1	1	0
2	0	1	1	1	0
2	0	1	1	1	0
2	**********二阶装备**********	1	1	1	0
4	白银剑	1	1	1	0
3	白银甲	1	1	1	0
5	白银盔	1	1	1	0
5	白银链	1	1	1	0
5	白银镯	1	1	1	0
5	白银指	1	1	1	0
7	白银带	1	1	1	0
7	白银靴	1	1	1	0
2	0	1	1	1	0
2	0	1	1	1	0
2	0	1	1	1	0
2	0	1	1	1	0
2	**********三阶装备**********	1	1	1	0
4	黄金剑	1	1	1	0
3	黄金甲	1	1	1	0
5	黄金盔	1	1	1	0
5	黄金链	1	1	1	0
5	黄金镯	1	1	1	0
5	黄金戒	1	1	1	0
7	黄金带	1	1	1	0
7	黄金靴	1	1	1	0
2	0	1	1	1	0
2	0	1	1	1	0
2	0	1	1	1	0
2	0	1	1	1	0
2	**********四阶装备**********	1	1	1	0
4	白金剑	1	1	1	0
3	白金甲	1	1	1	0
5	白金盔	1	1	1	0
5	白金链	1	1	1	0
5	白金镯	1	1	1	0
5	白金戒	1	1	1	0
7	白金带	1	1	1	0
7	白金靴	1	1	1	0
2	0	1	1	1	0
2	0	1	1	1	0
2	0	1	1	1	0
2	0	1	1	1	0
2	**********五阶装备**********	1	1	1	0
4	铂金剑	1	1	1	0
3	铂金甲	1	1	1	0
5	铂金盔	1	1	1	0
5	铂金链	1	1	1	0
5	铂金镯	1	1	1	0
5	铂金指	1	1	1	0
7	铂金带	1	1	1	0
7	铂金靴	1	1	1	0
2	0	1	1	1	0
2	0	1	1	1	0
2	0	1	1	1	0
2	0	1	1	1	0
2	**********六阶装备**********	1	1	1	0
4	钻石剑	1	1	1	0
3	钻石甲	1	1	1	0
5	钻石盔	1	1	1	0
5	钻石链	1	1	1	0
5	钻石镯	1	1	1	0
5	钻石指	1	1	1	0
7	钻石带	1	1	1	0
7	钻石靴	1	1	1	0
2	0	1	1	1	0
2	0	1	1	1	0
2	0	1	1	1	0
2	0	1	1	1	0
2	**********七阶装备**********	1	1	1	0
4	大师剑	1	1	1	0
3	大师甲	1	1	1	0
5	大师盔	1	1	1	0
5	大师链	1	1	1	0
5	大师镯	1	1	1	0
5	大师戒	1	1	1	0
7	大师带	1	1	1	0
7	大师靴	1	1	1	0
2	0	1	1	1	0
2	0	1	1	1	0
2	0	1	1	1	0
2	0	1	1	1	0
2	**********八阶装备**********	1	1	1	0
4	王者剑	1	1	1	0
3	王者甲	1	1	1	0
5	王者盔	1	1	1	0
5	王者链	1	1	1	0
5	王者镯	1	1	1	0
5	王者戒	1	1	1	0
7	王者带	1	1	1	0
7	王者靴	1	1	1	0
2	0	1	1	1	0
2	0	1	1	1	0
2	0	1	1	1	0
2	0	1	1	1	0
2	**********九阶装备**********	1	1	1	0
4	宗师剑	1	1	1	0
3	宗师甲	1	1	1	0
5	宗师盔	1	1	1	0
5	宗师链	1	1	1	0
5	宗师镯	1	1	1	0
5	宗师戒	1	1	1	0
7	宗师带	1	1	1	0
7	宗师靴	1	1	1	0
2	0	1	1	1	0
2	0	1	1	1	0
2	0	1	1	1	0
2	**********十阶装备**********	1	1	1	0
4	绝世剑	1	1	1	0
3	绝世甲	1	1	1	0
5	绝世盔	1	1	1	0
5	绝世链	1	1	1	0
5	绝世镯	1	1	1	0
5	绝世戒	1	1	1	0
7	绝世带	1	1	1	0
7	绝世靴	1	1	1	0
2	0	1	1	1	0
2	0	1	1	1	0
2	0	1	1	1	0
2	0	1	1	1	0
2	**********十一阶装备**********	1	1	1	0
4	惊天の之剑	1	1	1	0
3	惊天の魔甲	1	1	1	0
5	惊天の头盔	1	1	1	0
5	惊天の项链	1	1	1	0
5	惊天の手镯	1	1	1	0
5	惊天の戒指	1	1	1	0
7	惊天の腰带	1	1	1	0
7	惊天の靴子	1	1	1	0
2	0	1	1	1	0
2	0	1	1	1	0
2	0	1	1	1	0
2	0	1	1	1	0
2	**********十二阶装备**********	1	1	1	0
4	憾世の之剑	1	1	1	0
3	憾世の战甲	1	1	1	0
5	憾世の头盔	1	1	1	0
5	憾世の项链	1	1	1	0
5	憾世の手镯	1	1	1	0
5	憾世の戒指	1	1	1	0
7	憾世の腰带	1	1	1	0
7	憾世の靴子	1	1	1	0
2	0	1	1	1	0
2	0	1	1	1	0
2	0	1	1	1	0
2	0	1	1	1	0
2	**********十三阶装备**********	1	1	1	0
4	雷霆の之剑	1	1	1	0
3	雷霆の战甲	1	1	1	0
5	雷霆の头盔	1	1	1	0
5	雷霆の项链	1	1	1	0
5	雷霆の手镯	1	1	1	0
5	雷霆の指环	1	1	1	0
7	雷霆の腰带	1	1	1	0
7	雷霆の靴子	1	1	1	0
2	0	1	1	1	0
2	0	1	1	1	0
2	0	1	1	1	0
2	**********十四阶装备**********	1	1	1	0
4	战神の冰剑	1	1	1	0
3	战神の战甲	1	1	1	0
5	战神の头盔	1	1	1	0
5	战神の项链	1	1	1	0
5	战神の手镯	1	1	1	0
5	战神の戒指	1	1	1	0
7	战神の腰带	1	1	1	0
7	战神の靴子	1	1	1	0
2	0	1	1	1	0
2	0	1	1	1	0
2	0	1	1	1	0
2	**********十五阶装备**********	1	1	1	0
4	火龙の神斩	1	1	1	0
3	火龙の战甲	1	1	1	0
5	火龙の头盔	1	1	1	0
5	火龙の项链	1	1	1	0
5	火龙の手镯	1	1	1	0
5	火龙の戒指	1	1	1	0
7	火龙の腰带	1	1	1	0
7	火龙の靴子	1	1	1	0
2	0	1	1	1	0
2	0	1	1	1	0
2	0	1	1	1	0
2	0	1	1	1	0
2	**********神器套**********	1	1	1	0
4	枯木寸草★风	1	1	1	0
3	野火燎原★炎	1	1	1	0
5	枯枝★头盔1	1	1	1	0
5	枯枝★项链1	1	1	1	0
5	枯枝★手镯1	1	1	1	0
5	枯枝★戒指1	1	1	1	0
7	枯枝★神带1	1	1	1	0
7	枯枝★神靴1	1	1	1	0
2	0	1	1	1	0
2	**********神器套**********	1	1	1	0
4	炽热之心★怒	1	1	1	0
3	寒冰之心★忍	1	1	1	0
5	炎寒★头盔1	1	1	1	0
5	炎寒★项链1	1	1	1	0
5	炎寒★手镯1	1	1	1	0
5	炎寒★戒指1	1	1	1	0
7	炎寒★腰带1	1	1	1	0
7	炎寒★神靴1	1	1	1	0
2	0	1	1	1	0
2	**********神器套**********	1	1	1	0
4	血泪苍穹★魂	1	1	1	0
3	泪血斗破★魄	1	1	1	0
5	魂魄★头盔1	1	1	1	0
5	魂魄★项链1	1	1	1	0
5	魂魄★手镯1	1	1	1	0
5	魂魄★戒指1	1	1	1	0
7	魂魄★腰带1	1	1	1	0
7	魂魄★神靴1	1	1	1	0
2	0	1	1	1	0
2	**********神器套**********	1	1	1	0
4	天下无双★斩	1	1	1	0
3	独霸天下★甲	1	1	1	0
5	争辉★心盔1	1	1	1	0
5	争辉★项链1	1	1	1	0
5	争辉★手镯1	1	1	1	0
5	争辉★戒指1	1	1	1	0
7	争辉★腰带1	1	1	1	0
7	争辉★神靴1	1	1	1	0
2	0	1	1	1	0
2	**********神器套**********	1	1	1	0
4	(缡)ey・天下のop	1	1	1	0
3	(缡)ey・我欲の修仙	1	1	1	0
5	(缡)ey・精灵1	1	1	1	0
5	(缡)ey・暗殿1	1	1	1	0
5	(缡)ey・圣光1	1	1	1	0
5	(缡)ey・死亡1	1	1	1	0
7	(缡)ey・天启1	1	1	1	0
7	(缡)ey・毁灭1	1	1	1	0
2	0	1	1	1	0
2	**********神器套**********	1	1	1	0
4	(oO)e魔・烈焰の焚天	1	1	1	0
3	(oO)e魔・血黏蔚降	1	1	1	0
5	(暗影)e鬼面纱1	1	1	1	0
5	(暗影)e龙吊坠1	1	1	1	0
5	(暗影)e噬手镯1	1	1	1	0
5	(暗影)e血指环1	1	1	1	0
7	(暗影)e弑护腿1	1	1	1	0
7	(暗影)e影战靴1	1	1	1	0
2	0	1	1	1	0
2	**********神器套**********	1	1	1	0
4	(炎S)eO・王者・利刃	1	1	1	0
3	(炎S)eO・王者・鸺	1	1	1	0
5	(魔王)eO・头盔1	1	1	1	0
5	(魔王)eO・项链1	1	1	1	0
5	(魔王)eO・手镯1	1	1	1	0
5	(魔王)eO・指环1	1	1	1	0
7	(魔王)eO・腰带1	1	1	1	0
7	(魔王)eO・战靴1	1	1	1	0
2	0	1	1	1	0
2	**********神器套**********	1	1	1	0
4	(凰)e真・究O・魂兵	1	1	1	0
3	(凰)e真・究O・魂甲	1	1	1	0
5	(凤)e真・幻舞1	1	1	1	0
5	(凤)e真・魅语1	1	1	1	0
5	(凤)e真・掌控1	1	1	1	0
5	(凤)e真・诸神1	1	1	1	0
7	(凤)e真・魅影1	1	1	1	0
7	(凤)e真・迷踪1	1	1	1	0
2	0	1	1	1	0
2	**********神器套**********	1	1	1	0
4	时空・天界圣火	1	1	1	0
3	火神・奇迹庇佑	1	1	1	0
5	魔导・和谐之舞1	1	1	1	0
5	祭祀・银澜月华1	1	1	1	0
5	幻蓝・光辉奇迹1	1	1	1	0
5	虚幻・凝泪微华1	1	1	1	0
7	真理・时空之轮1	1	1	1	0
7	荣耀・虚空圣火1	1	1	1	0
2	0	1	1	1	0
2	**********神器套**********	1	1	1	0
4	拿在手上真好看★	1	1	1	0
3	穿在身上真舒服★	1	1	1	0
5	这是・头盔★1	1	1	1	0
5	这是・项链★1	1	1	1	0
5	这是・手镯★1	1	1	1	0
5	这是・戒指★1	1	1	1	0
7	这是・腰带★1	1	1	1	0
7	这是・靴子★1	1	1	1	0
2	**********神器套**********	1	1	1	0
4	地狱修罗神天兵	1	1	1	0
3	天堂圣魂鬼僧袍	1	1	1	0
2	**********神器套**********	1	1	1	0
4	焚天・神葬+S	1	1	1	0
3	神裁・鬼泣+S	1	1	1	0
2	**********神器套**********	1	1	1	0
4	幻舞翔空[神泣]+SS	1	1	1	0
3	火炬之光[破天]+SS	1	1	1	0
2	**********神器套**********	1	1	1	0
4	★★圣・霜之哀伤★★	1	1	1	0
3	★★圣・王之悲鸣★★	1	1	1	0
2	0	1	1	1	0
2	0	1	1	1	0
2	0	1	1	1	0
2	0	1	1	1	0
2	0	1	1	1	0
2	0	1	1	1	0
2	0	1	1	1	0
2	0	1	1	1	0
2	0	1	1	1	0
2	0	1	1	1	0
2	0	1	1	1	0
2	0	1	1	1	0
2	0	1	1	1	0
2	0	1	1	1	0
2	0	1	1	1	0
2	0	1	1	1	0
2	0	1	1	1	0
2	**********麻痹戒指**********	1	1	1	0
7	麻醉枪+11	1	1	1	0
7	麻醉枪+21	1	1	1	0
7	麻醉枪+31	1	1	1	0
7	麻醉枪+41	1	1	1	0
7	麻醉枪+51	1	1	1	0
7	麻醉枪+61	1	1	1	0
7	麻醉枪+71	1	1	1	0
7	麻醉枪+81	1	1	1	0
7	麻醉枪+91	1	1	1	0
7	麻醉枪+10	1	1	1	0
2	0	1	1	1	0
2	0	1	1	1	0
2	0	1	1	1	0
2	**********切割物品**********	1	1	1	0
1	切割神器・[一阶]	1	1	1	0
1	切割神器・[二阶]	1	1	1	0
1	切割神器・[三阶]	1	1	1	0
1	切割神器・[四阶]	1	1	1	0
1	切割神器・[五阶]	1	1	1	0
1	切割神器・[六阶]	1	1	1	0
1	切割神器・[七阶]	1	1	1	0
1	切割神器・[八阶]	1	1	1	0
1	切割神器・[九阶]	1	1	1	0
1	切割神器・[十阶]	1	1	1	0
1	切割神器・[超凡]	1	1	1	0
1	切割神器・[不朽]	1	1	1	0
1	切割神器・[星辰]	1	1	1	0
1	切割神器・[龙啸]	1	1	1	0
1	切割神器・[无尽]	1	1	1	0
1	切割神器・[末日]	1	1	1	0
1	切割神器・[最终]	1	1	1	0
1	切割神器・[终极]	1	1	1	0
2	0	1	1	1	0
2	0	1	1	1	0
2	0	1	1	1	0
2	0	1	1	1	0
2	0	1	1	1	0
2	0	1	1	1	0
2	**********特殊复活**********	1	1	1	0
7	手术刀+11	1	1	1	0
7	手术刀+21	1	1	1	0
7	手术刀+31	1	1	1	0
7	手术刀+41	1	1	1	0
7	手术刀+51	1	1	1	0
7	手术刀+61	1	1	1	0
7	手术刀+71	1	1	1	0
7	手术刀+81	1	1	1	0
7	手术刀+91	1	1	1	0
7	手术刀+10	1	1	1	0
2	0	1	1	1	0
2	0	1	1	1	0
2	0	1	1	1	0
2	**********恢复护符**********	1	1	1	0
6	绷带+11	1	1	1	0
6	绷带+21	1	1	1	0
6	绷带+31	1	1	1	0
6	绷带+41	1	1	1	0
6	绷带+51	1	1	1	0
6	绷带+61	1	1	1	0
6	绷带+71	1	1	1	0
6	绷带+81	1	1	1	0
6	绷带+91	1	1	1	0
6	绷带+10	1	1	1	0
2	0	1	1	1	0
2	0	1	1	1	0
2	0	1	1	1	0
2	**********属性勋章**********	1	1	1	0
7	一星勋章1	1	1	1	0
7	二星勋章1	1	1	1	0
7	三星勋章1	1	1	1	0
7	四星勋章1	1	1	1	0
7	五星勋章1	1	1	1	0
7	六星勋章1	1	1	1	0
7	七星勋章1	1	1	1	0
7	八星勋章1	1	1	1	0
7	九星勋章1	1	1	1	0
7	十星勋章	1	1	1	0
2	0	1	1	1	0
2	0	1	1	1	0
2	0	1	1	1	0
2	0	1	1	1	0
2	0	1	1	1	0
2	0	1	1	1	0
2	0	1	1	1	0
2	0	1	1	1	0
2	0	1	1	1	0
2	0	1	1	1	0
2	0	1	1	1	0
2	0	1	1	1	0
2	**********面巾**********	1	1	1	0
1	切割[凡]	1	1	1	0
1	切割[仙]	1	1	1	0
1	切割[魔]	1	1	1	0
1	切割[佛]	1	1	1	0
1	切割[妖]	1	1	1	0
1	切割[冥]	1	1	1	0
1	切割[神]	1	1	1	0
1	切割[天]	1	1	1	0
1	切割[道]	1	1	1	0
1	切割[玄]	1	1	1	0
1	---	1	1	1	0
1	神秘人[斗笠]	1	1	1	0
1	---	1	1	1	0
1	★★★残月★★★	1	1	1	0
2	0	1	1	1	0
2	0	1	1	1	0
2	0	1	1	1	0
2	0	1	1	1	0
2	0	1	1	1	0
2	0	1	1	1	0
2	0	1	1	1	0
2	**********特殊左手**********	1	1	1	0
1	盾牌★1	1	1	1	0
1	盾牌★★1	1	1	1	0
1	盾牌★★★1	1	1	1	0
1	盾牌★★★★1	1	1	1	0
1	盾牌★★★★★1	1	1	1	0
1	盾牌★★★★★★1	1	1	1	0
1	盾牌★★★★★★★1	1	1	1	0
1	盾牌★★★★★★★★1	1	1	1	0
1	盾牌★★★★★★★★★1	1	1	1	0
1	盾牌★★★★★★★★★★1	1	1	1	0
1	★盾牌★	1	1	1	0
1	★★神盾★★★	1	1	1	0
1	★★★罗生★★★	1	1	1	0
1	★★★★无敌★★★★	1	1	1	0
2	0	1	1	1	0
2	0	1	1	1	0
2	0	1	1	1	0
2	0	1	1	1	0
2	0	1	1	1	0
2	0	1	1	1	0
2	0	1	1	1	0
2	0	1	1	1	0
2	**********宠物**********	1	1	1	0
1	渡劫丹	1	1	1	0
1	1灵符	1	1	1	0
1	2灵符	1	1	1	0
1	5灵符	1	1	1	0
1	10灵符	1	1	1	0
1	20灵符	1	1	1	0
1	50灵符	1	1	1	0
1	100灵符	1	1	1	0
1	500灵符	1	1	1	0
1	1000灵符	1	1	1	0
1	5000灵符	1	1	1	0
1	10000灵符	1	1	1	0
1	50000灵符	1	1	1	0
1	武器绑定卷	1	1	1	0
1	衣服绑定卷	1	1	1	0
1	0	1	1	1	0
2	***********称号************	1	1	1	0
1	新的征程	1	1	1	0
1	冰河踏破者	1	1	1	0
1	星界旅行者	1	1	1	0
1	暮光征服者	1	1	1	0
1	灭世终结者	1	1	1	0
1	灰烬审判军	1	1	1	0
1	黑曜石杀手	1	1	1	0
1	魔法追寻者	1	1	1	0
1	海加尔的复仇	1	1	1	0
1	地狱咆哮终结者	1	1	1	0
1	奥格瑞玛解放者	1	1	1	0
1	奥格瑞玛征服者	1	1	1	0
1	破碎世界的守护者	1	1	1	0
1	艾泽拉斯的救世主	1	1	1	0
1	觉醒・热血之魂	1	1	1	0
1	集结・战斗号角	1	1	1	0
1	暴走・极限突破	1	1	1	0
1	天启・信仰之歌	1	1	1	0
1	进化之光・混沌开天	1	1	1	0
1	战鼓震天・异界战歌	1	1	1	0
1	毕方之炎・夜空魅影	1	1	1	0
1	勇士的荣耀・最终幻想	1	1	1	0
2	0	1	1	1	0
2	0	1	1	1	0
2	0	1	1	1	0
1	神魔・小成	1	1	1	0
1	神魔・大成	1	1	1	0
1	神魔・完满	1	1	1	0
2	*********临时称号*******	1	1	1	0
1	狂暴之力	1	1	1	0
1	沙城捐献	1	1	1	0
2	0	1	1	1	0
2	0	1	1	1	0
2	*********时装武器衣服*******	1	1	1	0
1	[时装]・紫炎の神光	1	1	1	0
1	[时装]・黑炎の怒火	1	1	1	0
1	[时装]・红炎の血腥	1	1	1	0
1	[时装]・蓝炎の沉辉	1	1	1	0
1	[时装]・暗炎の影杀	1	1	1	0
1	[时装]・燃炎の飞焰	1	1	1	0
1	[时装]・紫炎の破军	1	1	1	0
1	[时装]・狂の圣战	1	1	1	0
1	[时装]・巫の妖王	1	1	1	0
1	[时装]・魂の幽冥	1	1	1	0
1	[时装]・义の青龙	1	1	1	0
1	[时装]・忍の鬼鲛	1	1	1	0
1	[时装]・冥の王	1	1	1	0
1	[时装]・魑の魅	1	1	1	0
1	[时装]・冰の火	1	1	1	0
1	[时装]・孙の悟饭	1	1	1	0
1	[时装]・快乐风男	1	1	1	0
1	[时装]・黑崎一护	1	1	1	0
2	0	1	1	1	0
2	0	1	1	1	0
1	十年魂环・D	1	1	1	0
1	百年魂环・C	1	1	1	0
1	千年魂环・B	1	1	1	0
1	万年魂环・A	1	1	1	0
1	十万年魂环・S	1	1	1	0
1	百万年魂环・SS	1	1	1	0
1	神级魂环・SSS	1	1	1	0
1	「九天・祥云」★	1	1	1	0
1	「九天・祥云」★★	1	1	1	0
1	「九天・祥云」★★★	1	1	1	0
2	0	1	1	1	0
2	0	1	1	1	0
2	0	1	1	1	0
2	0	1	1	1	0
2	0	1	1	1	0
2	0	1	1	1	0
2	0	1	1	1	0
2	0	1	1	1	0
1	热血冒险家	1	1	1	0
1	烈焰征服者	1	1	1	0
1	王之守护・炎	1	1	1	0
1	王之守护・冰	1	1	1	0
1	王之守护・光	1	1	1	0
1	王之守护・风	1	1	1	0
1	王之守护・守护	1	1	1	0
1	英勇的冒险家	1	1	1	0
2	0	1	1	1	0
2	********新称号*******	1	1	1	0
2	0	1	1	1	0
1	血脉之力Lv1	1	1	1	0
1	血脉之力Lv2	1	1	1	0
1	血脉之力Lv3	1	1	1	0
1	血脉之力Lv4	1	1	1	0
1	血脉之力Lv5	1	1	1	0
1	血脉之力Lv6	1	1	1	0
1	血脉之力Lv7	1	1	1	0
1	血脉之力Lv8	1	1	1	0
1	血脉之力Lv9	1	1	1	0
1	血脉之力Lv10	1	1	1	0
1	血脉之力Lv11	1	1	1	0
1	血脉之力Lv12	1	1	1	0
1	血脉之力Lv13	1	1	1	0
1	血脉之力Lv14	1	1	1	0
1	血脉之力Lv15	1	1	1	0
1	血脉之力Lv16	1	1	1	0
1	血脉之力Lv17	1	1	1	0
1	血脉之力Lv18	1	1	1	0
1	血脉之力Lv19	1	1	1	0
1	血脉之力Lv20	1	1	1	0
2	0	1	1	1	0
1	物理攻击Lv1	1	1	1	0
1	物理攻击Lv2	1	1	1	0
1	物理攻击Lv3	1	1	1	0
1	物理攻击Lv4	1	1	1	0
1	物理攻击Lv5	1	1	1	0
1	物理攻击Lv6	1	1	1	0
1	物理攻击Lv7	1	1	1	0
1	物理攻击Lv8	1	1	1	0
1	物理攻击Lv9	1	1	1	0
1	物理攻击Lv10	1	1	1	0
1	物理攻击Lv11	1	1	1	0
1	物理攻击Lv12	1	1	1	0
1	物理攻击Lv13	1	1	1	0
1	物理攻击Lv14	1	1	1	0
1	物理攻击Lv15	1	1	1	0
1	物理攻击Lv16	1	1	1	0
1	物理攻击Lv17	1	1	1	0
1	物理攻击Lv18	1	1	1	0
1	物理攻击Lv19	1	1	1	0
1	物理攻击Lv20	1	1	1	0
2	0	1	1	1	0
1	上古神力Lv1	1	1	1	0
1	上古神力Lv2	1	1	1	0
1	上古神力Lv3	1	1	1	0
1	上古神力Lv4	1	1	1	0
1	上古神力Lv5	1	1	1	0
1	上古神力Lv6	1	1	1	0
1	上古神力Lv7	1	1	1	0
1	上古神力Lv8	1	1	1	0
1	上古神力Lv9	1	1	1	0
1	上古神力Lv10	1	1	1	0
1	上古神力Lv11	1	1	1	0
1	上古神力Lv12	1	1	1	0
1	上古神力Lv13	1	1	1	0
1	上古神力Lv14	1	1	1	0
1	上古神力Lv15	1	1	1	0
1	上古神力Lv16	1	1	1	0
1	上古神力Lv17	1	1	1	0
1	上古神力Lv18	1	1	1	0
1	上古神力Lv19	1	1	1	0
1	上古神力Lv20	1	1	1	0
2	0	1	1	1	0
1	物理免伤Lv1	1	1	1	0
1	物理免伤Lv2	1	1	1	0
1	物理免伤Lv3	1	1	1	0
1	物理免伤Lv4	1	1	1	0
1	物理免伤Lv5	1	1	1	0
1	物理免伤Lv6	1	1	1	0
1	物理免伤Lv7	1	1	1	0
1	物理免伤Lv8	1	1	1	0
1	物理免伤Lv9	1	1	1	0
1	物理免伤Lv10	1	1	1	0
1	物理免伤Lv11	1	1	1	0
1	物理免伤Lv12	1	1	1	0
1	物理免伤Lv13	1	1	1	0
1	物理免伤Lv14	1	1	1	0
1	物理免伤Lv15	1	1	1	0
1	物理免伤Lv16	1	1	1	0
1	物理免伤Lv17	1	1	1	0
1	物理免伤Lv18	1	1	1	0
1	物理免伤Lv19	1	1	1	0
1	物理免伤Lv20	1	1	1	0
2	0	1	1	1	0
1	跑酷达人Lv1	1	1	1	0
1	跑酷达人Lv2	1	1	1	0
1	跑酷达人Lv3	1	1	1	0
1	跑酷达人Lv4	1	1	1	0
1	跑酷达人Lv5	1	1	1	0
1	跑酷达人Lv6	1	1	1	0
1	跑酷达人Lv7	1	1	1	0
1	跑酷达人Lv8	1	1	1	0
1	跑酷达人Lv9	1	1	1	0
1	跑酷达人Lv10	1	1	1	0
2	0	1	1	1	0
1	队友之灾	1	1	1	0
1	祖安狂人	1	1	1	0
1	表面兄弟	1	1	1	0
2	0	1	1	1	0
1	封天之主	1	1	1	0
2	0	1	1	1	0
2	0	1	1	1	0
2	0	1	1	1	0
2	0	1	1	1	0
2	0	1	1	1	0
2	0	1	1	1	0
2	********神火******	1	1	1	0
1	神火・灵能冲击I	1	1	1	0
1	神火・灵能冲击II	1	1	1	0
1	神火・灵能冲击III	1	1	1	0
1	神火・灵能冲击IV	1	1	1	0
2	0	1	1	1	0
1	神火・灵能击破I	1	1	1	0
1	神火・灵能击破II	1	1	1	0
1	神火・灵能击破III	1	1	1	0
1	神火・灵能击破IV	1	1	1	0
2	0	1	1	1	0
1	神火・灵能极速I	1	1	1	0
1	神火・灵能极速II	1	1	1	0
1	神火・灵能极速III	1	1	1	0
1	神火・灵能极速IV	1	1	1	0
2	0	1	1	1	0
1	神火・灵能涌动I	1	1	1	0
1	神火・灵能涌动II	1	1	1	0
1	神火・灵能涌动III	1	1	1	0
1	神火・灵能涌动IV	1	1	1	0
2	0	1	1	1	0
1	神火・灵能凝聚I	1	1	1	0
1	神火・灵能凝聚II	1	1	1	0
1	神火・灵能凝聚III	1	1	1	0
1	神火・灵能凝聚IV	1	1	1	0
2	0	1	1	1	0
1	神火・灵体护身I	1	1	1	0
1	神火・灵体护身II	1	1	1	0
1	神火・灵体护身III	1	1	1	0
1	神火・灵体护身IV	1	1	1	0
2	0	1	1	1	0
2	0	1	1	1	0
1	神火・灵能の盒	1	1	1	0
1	神火・灵能の箱	1	1	1	0
2	0	1	1	1	0
2	0	1	1	1	0
2	********自由之城******	1	1	1	0
3	日炎斗篷	1	1	1	0
5	禁忌法相	1	1	1	0
2	0	1	1	1	0
4	卑劣手杖	1	1	1	0
7	疾风之靴	1	1	1	0
2	0	1	1	1	0
7	巨人腰带	1	1	1	0
6	仙女护符	1	1	1	0
2	0	1	1	1	0
2	0	1	1	1	0
5	恶魔的枷锁	1	1	1	0
5	冤魂的哭声	1	1	1	0
1	魅惑之心	1	1	1	0
7	『毒灭万物』	1	1	1	0
5	王座之争	1	1	1	0
7	永夜无光	1	1	1	0
6	治疗＂守卫	1	1	1	0
5	梦魇ぺ恒古	1	1	1	0
5	天罡べ霸体	1	1	1	0
2	0	1	1	1	0
2	0	1	1	1	0
7	抑制符咒	1	1	1	0
2	0	1	1	1	0
1	窃法之刃	1	1	1	0
5	亡灵手套	1	1	1	0
5	适应性头盔	1	1	1	0
5	号令之旗	1	1	1	0
2	0	1	1	1	0
4	★★★魍魉★★★	1	1	1	0
4	魑魅々杀猪刀	1	1	1	0
3	寒冰d神甲	1	1	1	0
2	********云顶大陆******	1	1	1	0
1	猎人的宽刃刀	1	1	1	0
1	游击者的军刀	1	1	1	0
1	附魔・战士	1	1	1	0
1	灭世者的死亡之帽	1	1	1	0
1	冰の书	1	1	1	0
1	火の书	1	1	1	0
1	符文药剂	1	1	1	0
2	0	1	1	1	0
7	冰与火之歌	1	1	1	0
2	0	1	1	1	0
2	0	1	1	1	0
2	0	1	1	1	0
2	*****花里胡哨******	1	1	1	0
2	0	1	1	1	0
1	（屠龙之斧）・精致	1	1	1	0
1	队友之灾(称号卷)	1	1	1	0
1	祖安狂人(称号卷)	1	1	1	0
1	表面兄弟(称号卷)	1	1	1	0
2	0	1	1	1	0
1	0	1	1	1	0
1	技术の内裤[未激活]	1	1	1	0
2	0	1	1	1	0
2	****召唤师峡谷****	1	1	1	0
3	冠军披风★	1	1	1	0
4	放逐之刃★	1	1	1	0
3	争战铠甲★	1	1	1	0
4	月华咒刃★	1	1	1	0
2	0	1	1	1	0
6	治疗宝珠★	1	1	1	0
5	仙女护符★	1	1	1	0
7	速度之靴★	1	1	1	0
7	巨人腰带★	1	1	1	0
5	幽魂面具★	1	1	1	0
7	恶魔之翼★	1	1	1	0
1	腥月之冕★	1	1	1	0
5	多兰之戒★	1	1	1	0
5	多兰之盾★	1	1	1	0
5	放逐指环★	1	1	1	0
1	雅典圣杯★	1	1	1	0
1	女神之泪★	1	1	1	0
2	0	1	1	1	0
2	0	1	1	1	0
2	0	1	1	1	0
2	0	1	1	1	0
2	0	1	1	1	0
2	0	1	1	1	0
2	0	1	1	1	0
2	***峡谷之巅****	1	1	1	0
4	★破败王者之刃★	1	1	1	0
3	★石像鬼板甲★	1	1	1	0
2	0	1	1	1	0
7	★冰霜之心★	1	1	1	0
1	★星界枷锁★	1	1	1	0
7	★绝对の力量★	1	1	1	0
5	★耀光★	1	1	1	0
1	★净蚀★	1	1	1	0
7	★死神の印记★	1	1	1	0
6	★咒念の不朽★	1	1	1	0
7	★莫雷洛秘典★	1	1	1	0
7	★炽天使之拥★	1	1	1	0
5	★幻影の之舞★	1	1	1	0
5	★范达姆の镯★	1	1	1	0
2	0	1	1	1	0
2	0	1	1	1	0
2	0	1	1	1	0
2	0	1	1	1	0
2	0	1	1	1	0
2	0	1	1	1	0
2	****创世★巅峰****	1	1	1	0
4	・铁血战旗¤星云刃・	1	1	1	0
3	・兽武修真¤软金甲・	1	1	1	0
2	0	1	1	1	0
2	0	1	1	1	0
1	残梦¤影杀	1	1	1	0
1	炽热¤鬼影	1	1	1	0
1	西域¤弥辰	1	1	1	0
5	冰封◆◆千里◆◆	1	1	1	0
7	幽魂◆◆万象◆◆	1	1	1	0
1	魔王镜	1	1	1	0
5	巅峰◆腕	1	1	1	0
5	巅峰◆戒	1	1	1	0
6	★★★地★★★	1	1	1	0
7	★★★天启★★★	1	1	1	0
2	0	1	1	1	0
2	0	1	1	1	0
2	0	1	1	1	0
2	0	1	1	1	0
1	悟道石[10%]	1	1	1	0
1	悟道石[20%]	1	1	1	0
1	悟道石[30%]	1	1	1	0
1	悟道石[40%]	1	1	1	0
1	悟道石[50%]	1	1	1	0
1	悟道石[60%]	1	1	1	0
1	悟道石[70%]	1	1	1	0
1	悟道石[80%]	1	1	1	0
1	悟道石[90%]	1	1	1	0
1	悟道石[100%]	1	1	1	0
1	悟道石[未解封]	1	1	1	0
2	0	1	1	1	0
2	0	1	1	1	0
2	0	1	1	1	0
2	****原始大陆****	1	1	1	0
4	【屠ヶ龙】	1	1	1	0
3	【天ヶ魔】	1	1	1	0
2	0	1	1	1	0
2	0	1	1	1	0
7	【利齿】	1	1	1	0
6	【沃玛号角】	1	1	1	0
5	【祖玛头盔】	1	1	1	0
5	【血魔头颅】	1	1	1	0
1	【金刚头颅】	1	1	1	0
5	【沃玛头盔】	1	1	1	0
5	【祖玛头像】	1	1	1	0
7	【蚩尤】	1	1	1	0
1	【牛角】	1	1	1	0
7	【牛皮腰带】	1	1	1	0
2	0	1	1	1	0
2	0	1	1	1	0
2	0	1	1	1	0
2	0	1	1	1	0
2	0	1	1	1	0
2	0	1	1	1	0
2	0	1	1	1	0
2	0	1	1	1	0
2	0	1	1	1	0
2	0	1	1	1	0
2	0	1	1	1	0
2	0	1	1	1	0
2	****山海经****	1	1	1	0
5	●●十方俱灭●●	1	1	1	0
7	●●女娲石●●	1	1	1	0
2	0	1	1	1	0
5	●●青龙●●	1	1	1	0
5	●●白虎●●	1	1	1	0
7	●●玄武●●	1	1	1	0
7	●●朱雀●●	1	1	1	0
2	0	1	1	1	0
1	●●貔貅●●	1	1	1	0
1	●●饕餮●●	1	1	1	0
1	●●杌●●	1	1	1	0
1	●●穷奇●●	1	1	1	0
1	●●混沌●●	1	1	1	0
7	●●黑洞●●	1	1	1	0
2	0	1	1	1	0
2	0	1	1	1	0
2	0	1	1	1	0
2	0	1	1	1	0
2	0	1	1	1	0
4	●●盘古斧●●	1	1	1	0
3	●●鸿蒙●●	1	1	1	0
2	0	1	1	1	0
2	0	1	1	1	0
2	0	1	1	1	0
2	0	1	1	1	0
2	0	1	1	1	0
2	0	1	1	1	0
2	0	1	1	1	0
2	0	1	1	1	0
2	0	1	1	1	0
2	0	1	1	1	0
2	0	1	1	1	0
2	0	1	1	1	0
2	0	1	1	1	0
2	0	1	1	1	0
2	0	1	1	1	0
2	0	1	1	1	0
2	****扎昆区域****	1	1	1	0
1	扎昆的左手	1	1	1	0
1	扎昆头盔	1	1	1	0
1	扎昆的右手	1	1	1	0
1	扎昆的树枝	1	1	1	0
5	真・扎昆头盔	1	1	1	0
2	0	1	1	1	0
2	************	1	1	1	0
2	0	1	1	1	0
2	0	1	1	1	0
2	0	1	1	1	0
2	0	1	1	1	0
2	0	1	1	1	0
2	0	1	1	1	0
2	0	1	1	1	0
2	0	1	1	1	0
2	0	1	1	1	0
2	0	1	1	1	0
2	0	1	1	1	0
2	0	1	1	1	0
2	----超神器----	1	1	1	0
1	【超神器】关注神器	1	1	1	0
1	【超神器】自由大陆	1	1	1	0
1	【超神器】召唤师峡谷	1	1	1	0
1	【超神器】峡谷之巅	1	1	1	0
1	【超神器】创世★巅峰	1	1	1	0
1	【超神器】原始大陆	1	1	1	0
1	【超神器】山海经	1	1	1	0
1	【超神器】传奇之路	1	1	1	0
1	【超神器】死亡领地	1	1	1	0
1	【超神器】佛本世界	1	1	1	0
1	【超神器】无限恐怖	1	1	1	0
1	【超神器】神话世界	1	1	1	0
2	待添加	1	1	1	0
2	待添加	1	1	1	0
2	0	1	1	1	0
2	0	1	1	1	0
2	*********新的区域*********	1	1	1	0
2	****传奇之路****	1	1	1	0
7	の封魔尊者的疾风	1	1	1	0
5	の毒蛇谷主的獠牙	1	1	1	0
5	の沃玛教皇的号角	1	1	1	0
5	の比奇国王的皇冠	1	1	1	0
5	の苍月岛主的权力	1	1	1	0
1	切割[奕]	1	1	1	0
4	の沙城霸主的战刃	1	1	1	0
5	の白日门主的空间	1	1	1	0
1	10000个头骨盖	1	1	1	0
5	◎◎◎传奇骨灰◎◎◎	1	1	1	0
2	****死亡领地****	1	1	1	0
1	祭月的审判※※	1	1	1	0
1	屠戮的裁决※※	1	1	1	0
7	主宰的天下※※	1	1	1	0
7	魔尊的泯灭※※	1	1	1	0
3	白肆的祈祷※※	1	1	1	0
5	斗魁的哀念※※	1	1	1	0
5	地冥的死神※※	1	1	1	0
2	0	1	1	1	0
5	シ暗瞳Ж	1	1	1	0
2	0	1	1	1	0
2	****佛本世界****	1	1	1	0
1	神之信徒	1	1	1	0
1	神圣之书	1	1	1	0
7	“魔罗伞”	1	1	1	0
7	“聚宝金盆”	1	1	1	0
5	“后天袋”	1	1	1	0
6	“乾坤尺”	1	1	1	0
4	・紫府金剑・	1	1	1	0
5	“牟尼定光珠”	1	1	1	0
1	神之信徒称号卷	1	1	1	0
4	・如意金箍棒・	1	1	1	0
4	・定海の神针・	1	1	1	0
2	0	1	1	1	0
2	****无限恐怖****	1	1	1	0
5	灵体	1	1	1	0
3	咒	1	1	1	0
5	电锯	1	1	1	0
5	魔灵	1	1	1	0
7	白雾	1	1	1	0
5	恶魔铃铛	1	1	1	0
2	0	1	1	1	0
1	无轩之散魄	1	1	1	0
1	无轩之散魄图纸	1	1	1	0
1	强烈之痕迹	1	1	1	0
2	****神话世界****	1	1	1	0
1	「共工-触山」	1	1	1	0
1	「后羿-射日」	1	1	1	0
1	「嫦娥-奔月」	1	1	1	0
1	「女娲-补天」	1	1	1	0
1	刑天の	1	1	1	0
3	封神の	1	1	1	0
4	创世の	1	1	1	0
1	空城泪-旧王愁	1	1	1	0
1	空城泪-旧王愁称号卷	1	1	1	0
2	****云顶之弈****	1	1	1	0
4	方天画戟の神兵	1	1	1	0
5	≮一拳≯	1	1	1	0
7	≮红钻≯	1	1	1	0
7	≮战勋≯	1	1	1	0
5	≮魔戒≯	1	1	1	0
5	≮海洋之心≯	1	1	1	0
5	≮王冠≯	1	1	1	0
4	权利の剑	1	1	1	0
2	0	1	1	1	0
2	0	1	1	1	0
2	0	1	1	1	0
2	0	1	1	1	0
2	****新的称号*****	1	1	1	0
1	五行之体・金[一阶]	1	1	1	0
1	五行之体・金[二阶]	1	1	1	0
1	五行之体・金[三阶]	1	1	1	0
1	五行之体・金[四阶]	1	1	1	0
1	五行之体・金[五阶]	1	1	1	0
1	五行之体・金[六阶]	1	1	1	0
1	五行之体・金[七阶]	1	1	1	0
1	五行之体・金[八阶]	1	1	1	0
1	五行之体・金[九阶]	1	1	1	0
1	五行之体・金[十阶]	1	1	1	0
2	0	1	1	1	0
1	五行之体・木[一阶]	1	1	1	0
1	五行之体・木[二阶]	1	1	1	0
1	五行之体・木[三阶]	1	1	1	0
1	五行之体・木[四阶]	1	1	1	0
1	五行之体・木[五阶]	1	1	1	0
1	五行之体・木[六阶]	1	1	1	0
1	五行之体・木[七阶]	1	1	1	0
1	五行之体・木[八阶]	1	1	1	0
1	五行之体・木[九阶]	1	1	1	0
1	五行之体・木[十阶]	1	1	1	0
2	0	1	1	1	0
1	五行之体・水[一阶]	1	1	1	0
1	五行之体・水[二阶]	1	1	1	0
1	五行之体・水[三阶]	1	1	1	0
1	五行之体・水[四阶]	1	1	1	0
1	五行之体・水[五阶]	1	1	1	0
1	五行之体・水[六阶]	1	1	1	0
1	五行之体・水[七阶]	1	1	1	0
1	五行之体・水[八阶]	1	1	1	0
1	五行之体・水[九阶]	1	1	1	0
1	五行之体・水[十阶]	1	1	1	0
2	0	1	1	1	0
1	五行之体・火[一阶]	1	1	1	0
1	五行之体・火[二阶]	1	1	1	0
1	五行之体・火[三阶]	1	1	1	0
1	五行之体・火[四阶]	1	1	1	0
1	五行之体・火[五阶]	1	1	1	0
1	五行之体・火[六阶]	1	1	1	0
1	五行之体・火[七阶]	1	1	1	0
1	五行之体・火[八阶]	1	1	1	0
1	五行之体・火[九阶]	1	1	1	0
1	五行之体・火[十阶]	1	1	1	0
2	0	1	1	1	0
1	五行之体・土[一阶]	1	1	1	0
1	五行之体・土[二阶]	1	1	1	0
1	五行之体・土[三阶]	1	1	1	0
1	五行之体・土[四阶]	1	1	1	0
1	五行之体・土[五阶]	1	1	1	0
1	五行之体・土[六阶]	1	1	1	0
1	五行之体・土[七阶]	1	1	1	0
1	五行之体・土[八阶]	1	1	1	0
1	五行之体・土[九阶]	1	1	1	0
1	五行之体・土[十阶]	1	1	1	0
2	0	1	1	1	0
1	五行之体・混沌[一阶]	1	1	1	0
1	五行之体・混沌[二阶]	1	1	1	0
1	五行之体・混沌[三阶]	1	1	1	0
1	五行之体・混沌[四阶]	1	1	1	0
1	五行之体・混沌[五阶]	1	1	1	0
2	0	1	1	1	0
2	0	1	1	1	0
2	0	1	1	1	0
2	0	1	1	1	0
2	0	1	1	1	0
2	0	1	1	1	0
2	0	1	1	1	0
2	0	1	1	1	0
2	0	1	1	1	0
2	0	1	1	1	0
2	0	1	1	1	0
2	0	1	1	1	0
1	五行之子	1	1	1	0
2	0	1	1	1	0
1	能量脉冲[未激活]	1	1	1	0
1	我是先知[未激活]	1	1	1	0
1	艾克塞之怒[未激活]	1	1	1	0
1	雷克塞之心-取消	1	1	1	0
1	杰斯的祝福	1	1	1	0
2	0	1	1	1	0
1	巨螽	1	1	1	0
1	精怪珠	1	1	1	0
1	洞冥草	1	1	1	0
2	能量恢复	1	1	1	0
2	0	1	1	1	0
1	创世石碑	1	1	1	0
2	0	1	1	1	0
1	0	1	1	1	0
1	强化+10卷轴	1	1	1	0
1	强化+12卷轴	1	1	1	0
1	强化+13卷轴	1	1	1	0
1	10亿元宝蛋	1	1	1	0
1	15亿元宝蛋	1	1	1	0
1	20亿元宝蛋	1	1	1	0
1	5亿元宝蛋	1	1	1	0
1	1亿元宝蛋	1	1	1	0
1	0	1	1	1	0
1	0	1	1	1	0
2	1	1	1	1	0
1	0	1	1	1	0
1	七星石・威	1	1	1	0
1	阳光石・圣	1	1	1	0
2	1	1	1	1	0
1	风灵石・天	1	1	1	0
1	0	1	1	1	0
2	1	1	1	1	0
1	首充礼包	1	1	1	0
1	五行石	1	1	1	0
7	0	1	1	1	0
2	11	1	1	1	0
2	1	1	1	1	0
1	0	1	1	1	0
1	古神传承	1	1	1	0
1	踏天之力	1	1	1	0
1	0	1	1	1	0
5	【混沌钟】	1	1	1	0
1	0	1	1	1	0
1	0	1	1	1	0
1	0	1	1	1	0
1	0	1	1	1	0
1	0	1	1	1	0
2	0	1	1	1	0
1	0	1	1	1	0
1	0	1	1	1	0
1	0	1	1	1	0
1	0	1	1	1	0
1	我要打十个	1	1	1	0
1	杀戮之王	1	1	1	0
2	0	1	1	1	0
1	暴躁老哥	1	1	1	0
1	VIP证明	1	1	1	0
2	1	1	1	1	0
1	炎之内核	1	1	1	0
1	冰之水晶	1	1	1	0
1	光之心脏	1	1	1	0
1	风之流动	1	1	1	0
1	守护之印记	1	1	1	0
1	波罗丁的印章	1	1	1	0
2	克洛诺斯海岛传送石	1	1	1	0
2	1	1	1	1	0
1	马革裹尸	1	1	1	0
1	舍死忘生	1	1	1	0
2	0	1	1	1	0
1	沙城战神	1	1	1	0
1	不败战神	1	1	1	0
2	0	1	1	1	0
1	十人斩	1	1	1	0
1	百人斩	1	1	1	0
1	千人斩	1	1	1	0
2	0	1	1	1	0
1	惨遭毒手	1	1	1	0
1	死亡小练习	1	1	1	0
2	0	1	1	1	0
1	怪物猎人	1	1	1	0
1	怪物克星	1	1	1	0
1	精怪屠戮者	1	1	1	0
1	来自地狱的修罗	1	1	1	0
2	0	1	1	1	0
1	埋头苦干	1	1	1	0
1	废寝忘食	1	1	1	0
1	孜孜不倦	1	1	1	0
1	勤能补拙	1	1	1	0
1	天道酬勤	1	1	1	0
2	0	1	1	1	0
1	逮着人就干	1	1	1	0
1	杀你如杀狗	1	1	1	0
1	跪下叫爸爸	1	1	1	0
2	0	1	1	1	0
1	百元户	1	1	1	0
1	千元户	1	1	1	0
1	小土豪	1	1	1	0
2	0	1	1	1	0
1	财神爷	1	1	1	0
1	有钱有势	1	1	1	0
1	财大气粗	1	1	1	0
1	家财万贯	1	1	1	0
1	富可敌国	1	1	1	0
2	0	1	1	1	0
2	0	1	1	1	0
1	咸鱼翻生	1	1	1	0
1	一掷千金	1	1	1	0
1	挥金如土	1	1	1	0
2	0	1	1	1	0
1	猥琐发育	1	1	1	0
1	金石为开	1	1	1	0
1	无人可敌	1	1	1	0
1	终极人生	1	1	1	0
2	0	1	1	1	0
1	炼精化气	1	1	1	0
1	炼气化神	1	1	1	0
1	炼神还虚	1	1	1	0
2	0	1	1	1	0
1	游戏达人	1	1	1	0
2	0	1	1	1	0
2	---根特----	1	1	1	0
3	「赤炎・天照」	1	1	1	0
5	夜行者	1	1	1	0
1	切割[终・结]	1	1	1	0
5	银光魔法团	1	1	1	0
5	银光魔术师	1	1	1	0
7	机动战士	1	1	1	0
5	机械手臂	1	1	1	0
4	冥火钢牙・锯锋	1	1	1	0
2	---海港----	1	1	1	0
3	◎黑鳞铠甲◎	1	1	1	0
5	美人鱼之恋	1	1	1	0
1	烈焰盾	1	1	1	0
5	薄雾之戒	1	1	1	0
4	风蚀之殇-残影	1	1	1	0
7	狂沙之怒	1	1	1	0
1	哈尔特山传送卷	1	1	1	0
2	----------	1	1	1	0
1	云顶之子(精灵)1	1	1	1	0
1	丘比特(精灵)1	1	1	1	0
1	无头骑士(精灵)1	1	1	1	0
1	黑皇帝(精灵)1	1	1	1	0
1	剑之灵(精灵)1	1	1	1	0
1	冒险王(精灵)1	1	1	1	0
1	赛丽亚(精灵)1	1	1	1	0
1	天空骑士(精灵)1	1	1	1	0
1	天帷巨兽(精灵)1	1	1	1	0
1	大斗帝(精灵)1	1	1	1	0
2	-----------	1	1	1	0
1	技术の内裤	1	1	1	0
1	能量脉冲	1	1	1	0
1	艾克塞之怒	1	1	1	0
1	我是先知	1	1	1	0
4	=============	1	1	1	0
4	五股烈焰吞天魔剑	1	1	1	0
3	古神皮甲	1	1	1	0
5	连臂	1	1	1	0
5	汤山	1	1	1	0
5	射神车	1	1	1	0
5	魔瞳	1	1	1	0
5	九星古神头骨	1	1	1	0
5	獠牙	1	1	1	0
7	山河图	1	1	1	0
7	天魔紊乱履	1	1	1	0
7	切割命运之轮	1	1	1	0
6	碧海焚天	1	1	1	0
7	魂・魄	1	1	1	0
7	悸哭戾气	1	1	1	0
4	=============	1	1	1	0
4	九曲天刀	1	1	1	0
3	九曲三相	1	1	1	0
5	呼风	1	1	1	0
5	唤雨	1	1	1	0
5	极境	1	1	1	0
5	始境	1	1	1	0
5	祖符头骨	1	1	1	0
5	金天黑地	1	1	1	0
7	十亿尊魂幡	1	1	1	0
7	刑罚戮默	1	1	1	0
7	天运子的气息	1	1	1	0
6	九宫八卦	1	1	1	0
7	八笔符文	1	1	1	0
7	青光盾	1	1	1	0
1	=======实物	1	1	1	0
1	红双喜	1	1	1	0
1	大前门	1	1	1	0
1	黄鹤楼	1	1	1	0
1	玉溪	1	1	1	0
1	宽窄	1	1	1	0
1	煊赫门	1	1	1	0
1	苏烟	1	1	1	0
1	中华	1	1	1	0
1	利群	1	1	1	0
1	和天下	1	1	1	0
1	=======新加	1	1	1	0
4	真・幻剑煌	1	1	1	0
4	真・毁灭之刃	1	1	1	0
4	神器・冰魄	1	1	1	0
4	火焰・赫斯提亚	1	1	1	0
3	布拉巴斯王者统袍	1	1	1	0
3	阿耳忒弥斯神袍	1	1	1	0
1	★切割[凡]	1	1	1	0
1	★★★究魄★★★	1	1	1	0
5	不动冥王盔	1	1	1	0
5	红莲龙牙链	1	1	1	0
5	轮回	1	1	1	0
5	神话魔镯	1	1	1	0
5	情天神镯	1	1	1	0
5	太古的岁月	1	1	1	0
5	永恒的空间	1	1	1	0
5	神戒	1	1	1	0
5	魔戒	1	1	1	0
5	遗鱼鳞片	1	1	1	0
5	仙人指路	1	1	1	0
7	纺锤之锚	1	1	1	0
7	九天仙绫	1	1	1	0
7	希利斯的长靴	1	1	1	0
7	白泽的第三条腿	1	1	1	0
7	尾王印记	1	1	1	0
7	不死鸟之眼	1	1	1	0
7	风暴之声	1	1	1	0
7	九天神雷	1	1	1	0
6	不灭之握	1	1	1	0
6	多罗妖力	1	1	1	0
1	白帝神骨	1	1	1	0
3	十万妖魂兽甲	1	1	1	0
3	阳光战神的威严	1	1	1	0
5	青衣韩山	1	1	1	0
5	寒尽不知年	1	1	1	0
5	三千烦恼丝	1	1	1	0
6	季子之血	1	1	1	0
7	鸿蒙仙绫	1	1	1	0
5	淡水金珠	1	1	1	0
7	域外心魔花	1	1	1	0
7	镇压【天.地.人】	1	1	1	0
7	靠山图腾	1	1	1	0
7	彼岸花开七色天	1	1	1	0
5	七宝妙树	1	1	1	0
2	预留	1	1	1	0
4	七星剑仙的剑气	1	1	1	0
2	七星剑仙的剑111	1	1	1	0
2	预留	1	1	1	0
2	预留	1	1	1	0
2	预留	1	1	1	0
2	-------肖上四格1	1	1	1	0
1	掌境	1	1	1	0
1	缘境	1	1	1	0
1	生境	1	1	1	0
1	灭境	1	1	1	0
2	-------肖上四格2	1	1	1	0
1	灵境	1	1	1	0
1	仙境	1	1	1	0
1	古境	1	1	1	0
1	道境	1	1	1	0
2	-----生肖中四格1	1	1	1	0
1	异火焚仙I	1	1	1	0
1	异火焚仙II	1	1	1	0
1	异火焚仙III	1	1	1	0
1	异火焚仙IV	1	1	1	0
2	-----生肖中四格2	1	1	1	0
1	魂灯紫炎I	1	1	1	0
1	魂灯紫炎II	1	1	1	0
1	魂灯紫炎III	1	1	1	0
1	魂灯紫炎IV	1	1	1	0
2	----生肖下四格	1	1	1	0
1	仙古道令	1	1	1	0
1	【超神器】云顶之奕	1	1	1	0
2	111	1	1	1	0
1	地爆・天星	1	1	1	0
1	九天・日月	1	1	1	0
1	封妖古卷	1	1	1	0
2	------勋章	1	1	1	0
7	冰与火【洗灵】	1	1	1	0
2	预留	1	1	1	0
2	预留	1	1	1	0
2	预留	1	1	1	0
2	-----面巾	1	1	1	0
1	★★★鬼切★★★	1	1	1	0
1	★★★妖切★★★	1	1	1	0
2	预留	1	1	1	0
2	预留	1	1	1	0
2	预留	1	1	1	0
2	-----盾牌	1	1	1	0
1	无轩之黄魄	1	1	1	0
1	无轩之玄魄	1	1	1	0
2	-------仙墟-丹界一脉	1	1	1	0
5	掌天印	1	1	1	0
5	映月环	1	1	1	0
5	天木镜	1	1	1	0
2	-------仙墟-祭祀之地	1	1	1	0
7	万森轮盘	1	1	1	0
7	琉璃五妙铃	1	1	1	0
3	五龙铡	1	1	1	0
2	----三十三天-第七天	1	1	1	0
5	不死药	1	1	1	0
5	株天神树	1	1	1	0
5	六道轮回盘	1	1	1	0
2	----三十三天-第九天	1	1	1	0
7	元初仙光	1	1	1	0
7	九转轮回	1	1	1	0
4	天荒	1	1	1	0
2	---第九山海-东胜	1	1	1	0
5	封妖古葫芦	1	1	1	0
5	墨土的雨滴	1	1	1	0
2	---第九山海-南天	1	1	1	0
4	季主配剑≮太初始≯	1	1	1	0
5	七妃殇	1	1	1	0
2	---第九山海-西牛	1	1	1	0
7	千层绣花毡	1	1	1	0
7	西牛信物	1	1	1	0
2	---第九山海-上古道湖	1	1	1	0
5	獒牙	1	1	1	0
7	蚊兽口器	1	1	1	0
7	∞离经判道∞	1	1	1	0
2	---第九山海-仙古道场	1	1	1	0
5	血妖・戒	1	1	1	0
3	李主仙衣≮洪荒终≯	1	1	1	0
5	道方扳指	1	1	1	0
2	------------封妖古地	1	1	1	0
4	神.妖.魔.灵.≮古道无仙≯	1	1	1	0
5	枯冥九衰	1	1	1	0
5	雁过拔毛	1	1	1	0
5	一汽化三清	1	1	1	0
5	三经钉	1	1	1	0
7	四方珠	1	1	1	0
2	---------------苍茫星空	1	1	1	0
7	步步生莲	1	1	1	0
5	奉旨讨饭	1	1	1	0
3	人.仙.鬼.怪.≮善恶煞帧	1	1	1	0
7	方父筑桥	1	1	1	0
7	清棺璇	1	1	1	0
5	杀戮本源	1	1	1	0
2	---------[时装]	1	1	1	0
1	[时装]・更木剑八	1	1	1	0
1	[时装]・橘右京	1	1	1	0
1	★★「九天・祥云」★★	1	1	1	0
1	★★「九天★祥云」★★	1	1	1	0
2	预留	1	1	1	0
6	生命之玺	1	1	1	0
6	神力玉玺	1	1	1	0
6	万灵血玺	1	1	1	0
1	[时装]・L求凰	1	1	1	0
3	孟姝皇袍	1	1	1	0
4	韩江孤影	1	1	1	0
1	一源道主	1	1	1	0
1	二源道主	1	1	1	0
1	三源道主	1	1	1	0
1	四源道尊	1	1	1	0
1	五源道尊	1	1	1	0
1	六源道尊	1	1	1	0
1	七源至尊	1	1	1	0
1	八源至尊	1	1	1	0
1	九源至尊	1	1	1	0
1	神境	1	1	1	0
1	妖境	1	1	1	0
1	悟道石[完美]	1	1	1	0
1	无轩之黄魄图纸	1	1	1	0
1	无轩之玄魄图纸	1	1	1	0
1	秘境卷轴	1	1	1	0
1	杀戮之王称号卷	1	1	1	0
1	魔法盾书页	1	1	1	0
1	封天画卷的信物	1	1	1	0
1	爆率卷轴	1	1	1	0
1	仙墟传送卷（半小时）	1	1	1	0
1	仙墟传送卷（一小时）	1	1	1	0
1	仙墟传送卷（二小时）	1	1	1	0
1	三十三天传送卷（半小时）	1	1	1	0
1	三十三天传送卷（一小时）	1	1	1	0
1	三十三天传送卷（二小时）	1	1	1	0
1	第九山海传送卷（半小时）	1	1	1	0
1	第九山海传送卷（一小时）	1	1	1	0
1	第九山海传送卷（二小时）	1	1	1	0
1	如风界传送卷（半小时）	1	1	1	0
1	如风界传送卷（一小时）	1	1	1	0
1	如风界传送卷（二小时）	1	1	1	0
1	封妖古地传送卷（半小时）	1	1	1	0
1	封妖古地传送卷（一小时）	1	1	1	0
1	封妖古地传送卷（二小时）	1	1	1	0
1	魔境	1	1	1	0
1	仙境	1	1	1	0
1	灵境	1	1	1	0
1	超脱	1	1	1	0
1	化凡	1	1	1	0
1	.	1	1	1	0
1	5星锻造大使	1	1	1	0
1	10星锻造大使	1	1	1	0
1	15星锻造大使	1	1	1	0
1	20星锻造大使	1	1	1	0
1	25星锻造大使	1	1	1	0
1	30星锻造大使	1	1	1	0
1	真仙境三重	1	1	1	0
1	真仙境四重	1	1	1	0
1	真仙境五重	1	1	1	0
1	真仙境六重	1	1	1	0
1	真仙境七重	1	1	1	0
1	真仙境八重	1	1	1	0
1	真仙境九重	1	1	1	0
1	真仙境十重	1	1	1	0
1	真神境一重	1	1	1	0
1	真神境二重	1	1	1	0
1	真神境三重	1	1	1	0
1	真神境四重	1	1	1	0
1	真神境五重	1	1	1	0
1	真神境六重	1	1	1	0
1	真神境七重	1	1	1	0
1	真神境八重	1	1	1	0
1	真神境九重	1	1	1	0
1	真神境十重	1	1	1	0
1	初圣境一重	1	1	1	0
1	初圣境二重	1	1	1	0
1	初圣境三重	1	1	1	0
1	初圣境四重	1	1	1	0
1	初圣境五重	1	1	1	0
1	初圣境六重	1	1	1	0
1	初圣境七重	1	1	1	0
1	初圣境八重	1	1	1	0
1	初圣境九重	1	1	1	0
1	初圣境十重	1	1	1	0
4	九山九海・刑罚	1	1	1	0
3	至尊青布衫	1	1	1	0
4	请带我●去杀人	1	1	1	0
3	天尘●最强状态	1	1	1	0
4	我命如妖・欲封天	1	1	1	0
3	一纸因果・你欠我钱	1	1	1	0
5	------头盔	1	1	1	0
5	三环・三圣	1	1	1	0
5	香火一拜	1	1	1	0
5	自己才是靠山	1	1	1	0
5	------项链	1	1	1	0
5	【道音】	1	1	1	0
5	墨池・环	1	1	1	0
5	寻道无涯	1	1	1	0
5	------手镯	1	1	1	0
5	魂入冥河・黄泉	1	1	1	0
5	撒豆成兵	1	1	1	0
5	如法【无边】	1	1	1	0
5	幻幽命格・篡改	1	1	1	0
5	南柯一梦	1	1	1	0
5	青虹终会盛开	1	1	1	0
5	------戒指	1	1	1	0
5	天妖【蚀】	1	1	1	0
5	古道三分神	1	1	1	0
5	如术【无尽】	1	1	1	0
5	灭生拳	1	1	1	0
5	脚踝上的铃铛	1	1	1	0
5	一缕白发笑苍茫	1	1	1	0
7	--------腰带	1	1	1	0
7	雷鼎	1	1	1	0
7	一念●斩判官	1	1	1	0
7	轮回梦中取	1	1	1	0
7	---------靴子	1	1	1	0
7	古神七踏	1	1	1	0
7	一指・篡天运	1	1	1	0
7	终有良人相伴	1	1	1	0
7	----------马牌（麻痹）	1	1	1	0
7	青花漫【涟漪】	1	1	1	0
7	三体道・岁月杀	1	1	1	0
7	焚尽・青丝	1	1	1	0
7	----------军鼓（复活）	1	1	1	0
7	古境魂灯	1	1	1	0
7	岁月终有极	1	1	1	0
7	轮回终有边	1	1	1	0
2	----	1	1	1	0
7	冰与火【超脱】	1	1	1	0
2	----	1	1	1	0
1	繁涅・妖莲I	1	1	1	0
1	碎涅・妖莲II	1	1	1	0
1	净涅・妖莲III	1	1	1	0
1	空涅・妖莲IV	1	1	1	0
1	杀人书（封）	1	1	1	0
1	杀人书	1	1	1	0
4	七星剑仙的剑气【超脱】	1	1	1	0
3	阳光战神的威严【超脱】	1	1	1	0
1	炼体精魄	1	1	1	0
1	炼体晶石	1	1	1	0
1	【卡尔-艾尔】	1	1	1	0
1	【托尼】	1	1	1	0
1	【布鲁斯・韦恩】	1	1	1	0
1	【披得】	1	1	1	0
3	人怪衣服	1	1	1	0
1	封天	1	1	1	0
1	扇扇生冰【冰冻】	1	1	1	0
1	道无涯的邀请	1	1	1	0
1	妖尊的卷轴	1	1	1	0
1	心想事成	1	1	1	0
1	扇扇生火【生命】	1	1	1	0
1	扇扇生灵【吸血】	1	1	1	0
1	封妖令	1	1	1	0
2	超脱传送石	1	1	1	0
1	悟道石【至尊】	1	1	1	0
1	超脱秘境卷轴	1	1	1	0
1	充值红包	1	1	1	0
1	封天宝箱	1	1	1	0
1	十步香草	1	1	1	0
1	百丈蚕丝	1	1	1	0
1	千年温玉	1	1	1	0
1	万年寒冰	1	1	1	0
1	不死神叶	1	1	1	0
1	强化+15卷轴	1	1	1	0
1	九天・日月[限时]	1	1	1	0
1	切割神器・[限时]	1	1	1	0
1	「九天・祥云」★・合成锦囊	1	1	1	0
1	「九天・祥云」★★・合成锦囊	1	1	1	0
1	「九天・祥云」★★★・合成锦囊	1	1	1	0
1	★★「九天・祥云」★★合成锦囊	1	1	1	0
1	★★「九天★祥云」★★合成锦囊	1	1	1	0
1	「九天・祥云」★・图纸①	1	1	1	0
1	「九天・祥云」★・图纸②	1	1	1	0
1	「九天・祥云」★・图纸③	1	1	1	0
1	「九天・祥云」★★・图纸①	1	1	1	0
1	「九天・祥云」★★・图纸②	1	1	1	0
1	「九天・祥云」★★・图纸③	1	1	1	0
1	「九天・祥云」★★★・图纸①	1	1	1	0
1	「九天・祥云」★★★・图纸②	1	1	1	0
1	「九天・祥云」★★★・图纸③	1	1	1	0
1	「时装」・黑崎一护・合成锦囊	1	1	1	0
1	「时装」・黑崎一护・图纸①	1	1	1	0
1	「时装」・黑崎一护・图纸②	1	1	1	0
1	「时装」・黑崎一护・图纸③	1	1	1	0
1	「时装」・更木剑八・合成锦囊	1	1	1	0
1	「时装」・更木剑八・图纸①	1	1	1	0
1	「时装」・更木剑八・图纸②	1	1	1	0
1	「时装」・更木剑八・图纸③	1	1	1	0
1	「时装」・橘右京・合成锦囊	1	1	1	0
1	「时装」・橘右京・图纸①	1	1	1	0
1	「时装」・橘右京・图纸②	1	1	1	0
1	「时装」・橘右京・图纸③	1	1	1	0
1	「时装」・L求凰・合成锦囊	1	1	1	0
1	「时装」・L求凰・图纸①	1	1	1	0
1	「时装」・L求凰・图纸②	1	1	1	0
1	「时装」・L求凰・图纸③	1	1	1	0
1	七星剑仙的剑气・合成锦囊	1	1	1	0
1	七星剑仙的剑气・图纸①	1	1	1	0
1	七星剑仙的剑气・图纸②	1	1	1	0
1	七星剑仙的剑气・图纸③	1	1	1	0
1	阳光战神的威严・合成锦囊	1	1	1	0
1	阳光战神的威严・图纸①	1	1	1	0
1	阳光战神的威严・图纸②	1	1	1	0
1	阳光战神的威严・图纸③	1	1	1	0
4	七星剑仙的剑气[活动]	1	1	1	0
3	阳光战神的威严[活动]	1	1	1	0
1	「时装」・快乐风男・合成锦囊	1	1	1	0
1	「时装」・快乐风男・图纸①	1	1	1	0
1	「时装」・快乐风男・图纸②	1	1	1	0
1	「时装」・快乐风男・图纸③	1	1	1	0
2	----	1	1	1	0
1	装备强化石	1	1	1	0
1	装备强化石*10	1	1	1	0
1	装备强化石*100	1	1	1	0
1	装备强化石*1000	1	1	1	0
1	装备强化石*5000	1	1	1	0
1	装备强化石*10000	1	1	1	0
1	元宝	1	1	1	0
5	-----------	1	1	1	0
7	锦上添花	1	1	1	0
5	看善则善・看恶则恶	1	1	1	0
5	指天摘月	1	1	1	0
7	熏风履	1	1	1	0
7	雨幕成珠帘	1	1	1	0
4	原罪・第一剑	1	1	1	0
5	水泽国度	1	1	1	0
3	罗衫叶叶绣重重	1	1	1	0
5	九衍金鎏	1	1	1	0
7	一岁一枯荣	1	1	1	0
5	金玉钱币	1	1	1	0
5	鲸王鳍	1	1	1	0
7	连天烽火	1	1	1	0
5	道域之宝	1	1	1	0
5	梵音・悟	1	1	1	0
7	玄华之悲苦	1	1	1	0
7	地灵的馈赠	1	1	1	0
4	十万念动【十万界】	1	1	1	0
5	一针一线缝紫月	1	1	1	0
5	落笔成殇	1	1	1	0
7	澄明的道心	1	1	1	0
5	你是恩赐也是劫	1	1	1	0
5	浊酒恋红尘	1	1	1	0
3	极过・极未・极逍遥	1	1	1	0
5	鸿蒙灵宝・再穷无非讨饭	1	1	1	0
5	鸿蒙灵宝・不死终会出头	1	1	1	0
7	青灯古庙・伴一生	1	1	1	0
7	昊天锤	1	1	1	0
7	附心丝	1	1	1	0
4	鸿蒙灵宝・【量天尺】	1	1	1	0
5	启龙・因果魂爪	1	1	1	0
5	只是一缕烛火	1	1	1	0
5	囚封天之道	1	1	1	0
5	云雾	1	1	1	0
7	善庸混天绫	1	1	1	0
3	鸿蒙灵宝・【雷霄甲】	1	1	1	0
1	★★「九天・祥云」★★・图纸①	1	1	1	0
1	★★「九天・祥云」★★・图纸②	1	1	1	0
1	★★「九天・祥云」★★・图纸③	1	1	1	0
1	★★「九天★祥云」★★・图纸①	1	1	1	0
1	★★「九天★祥云」★★・图纸②	1	1	1	0
1	★★「九天★祥云」★★・图纸③	1	1	1	0
1	刀刀一	1	1	1	0
1	刀刀二	1	1	1	0
5	法神头盔	1	1	1	0
5	法神项链	1	1	1	0
5	法神手镯	1	1	1	0
5	法神护腕	1	1	1	0
5	法神戒指	1	1	1	0
5	法神指环	1	1	1	0
3	法神披风	1	1	1	0
4	血饮	1	1	1	0
1	鸿蒙传送石	1	1	1	0
1	鸿.	1	1	1	0
1	蒙.	1	1	1	0
1	传.	1	1	1	0
1	送.	1	1	1	0
1	石.	1	1	1	0
2	----	1	1	1	0
1	100万元宝	1	1	1	0
1	500万元宝	1	1	1	0
1	金币	1	1	1	0
