代码  x     y     名称          范围  数量  时间


fengqiuhuang   200  200    七哥		100	1	720	0	219
fengqiuhuang   200  200    韩江		100	3	60	0	255
fengqiuhuang   200  200    孟姝		100	3	60	0	255
fengqiuhuang   200  200    人仙鬼怪		100	10	60	0	249
fengqiuhuang   200  200    神妖魔灵		100	10	60	0	249
fengqiuhuang   200  200    九山海・李主		100	30	60	0	249
fengqiuhuang   200  200    九山海・季主		100	30	60	0	249
fengqiuhuang   200  200    齐道临		100	50	60	0	249
fengqiuhuang   200  200    宝花始祖		100	50	60	0	249




fyc 175 88 练功师 0 1 1 0 222

xjcsm 82 82 苍・龙 500 130 20 0 253
xjcsm 82 82 天地无情-刍狗 500 110 20 0 253
xjcsm 82 82 鸿蒙金榜 500 100 20 0 253
xjcsm 82 82 鸿蒙神尊 500 90 20 0 253
xjcsm 82 82 古妖 500 70 20 0 253
xjcsm 82 82 古魔 500 50 20 0 253

;xjcsm 82 82 超级英雄【钢铁侠】 500 5 20 0 253
;xjcsm 82 82 超级英雄【蝙蝠侠】 500 5 20 0 253
;xjcsm 82 82 超级英雄【蜘蛛侠】 500 5 20 0 253
;xjcsm 82 82 超级英雄【超人】   500 5 20 0 253



;=====================古神传承
xrcc   42  67    古神・涂司		100	150	30	0	249
xrcc   42  67    古道大天尊		100	150	30	0	249
xrcc   42  67    灵影★★★   	100	150	30	0	249
xrcc   42  67    「九天・祥云」★・Boss   	100	1	60	0	253

ggcc   61  62    异星入侵者		120	150	30	0	249
ggcc   61  62    极古大天尊		120	150	30	0	249
ggcc   61  62    灵影★★★   	120	150	30	0	249
ggcc   61  62    「九天・祥云」★・Boss   	100	1	60	0	253

lhcc   35   60   九星古神・拓森		150	100	30	0	249
lhcc   35   60   九星古神・拓跋		150	100	30	0	249
lhcc   35   60   玄罗   		100	150	30	0	249
lhcc   35   60   灵影★★★   	100	150	30	0	249
lhcc   35   60   「九天・祥云」★・Boss   	100	1	60	0	253

;=====================洞府界跋
tatianlu	   50   86   十三		200	150	30	0	249
tatianlu	   50   86   大头		200	150	30	0	249
tatianlu	   50   86   灵影★★★   	200	150	30	0	249
tatianlu	   50   86   「九天・祥云」★★・Boss   	100	1	60	0	253


tatianqiao	   37  65    红蝶		100	150	30	0	249
tatianqiao	   37  65    道古		100	150	30	0	249
tatianqiao	   37  65    灵影★★★   	100	150	30	0	249
tatianqiao	   37  65    「九天・祥云」★★・Boss   	100	1	60	0	253

tatian	   44	76   司徒		100	150	30	0	249
tatian	   44	76   李慕婉		100	150	30	0	249
tatian	   44	76   灵影★★★   	100	150	30	0	249
tatian	   44	76   「九天・祥云」★★・Boss   	100	1	60	0	253


;=====================灰烬岛
huijindao	   200  200    莱托暗影		100	150	30	0	249
huijindao	   200  200    纺锤・克拉维格		100	150	30	0	249
huijindao	   200  200    典狱长・碎颅者		100	150	30	0	249
huijindao	   200  200    梦魇・尾王		100	150	30	0	249
huijindao	   200  200    不灭之王		100	150	30	0	249
huijindao	   200  200    伊克希利斯		100	150	30	0	249
huijindao	   200  200    布拉巴斯		100	40	30	0	249
huijindao	   200  200    「九天・祥云」★★★・Boss		100	1	60	0	253

ltfx	   50  50    莱托暗影		100	80	30	0	249
ltfx	   50  50    纺锤・克拉维格		100	80	30	0	249
ltfx	   50  50    「九天・祥云」★★★・Boss		100	1	60	0	253

zzsl	   50  50    不灭之王		100	80	30	0	249
zzsl	   50  50    伊克希利斯		100	80	30	0	249
zzsl	   50  50    「九天・祥云」★★★・Boss		100	1	60	0	253

jxsj	   100  100    典狱长・碎颅者		100	150	30	0	249
jxsj	   100  100    梦魇・尾王		100	150	30	0	249
jxsj	   100  100    「九天・祥云」★★★・Boss		100	1	60	0	253

blbs	   50  50    布拉巴斯		100	60	30	0	249
blbs	   50  50    「九天・祥云」★★★・Boss		100	1	60	0	253


;=====================玛法古城
mfgc	   200  200    死神・召唤		100	150	30	0	249
mfgc	   200  200    上古・君王		100	150	30	0	249
mfgc	   200  200    魔王・撒旦		100	150	30	0	249
mfgc	   200  200    神秘・魔王		100	150	30	0	249
mfgc	   200  200    泰坦守护神		100	150	30	0	249
mfgc	   200  200    GM		100	150	30	0	249
mfgc	   200  200    ★★★玛法・之王★★★		100	40	30	0	249
mfgc	   200  200    [时装]・黑崎一护・Boss		100	1	60	0	253
mfgc	   200  200    [时装]・快乐风男・Boss		100	1	60	0	253

smzd	   50  60    死神・召唤		100	100	30	0	249
smzd	   50  60    上古・君王		100	100	30	0	249
smzd	   50  60    [时装]・黑崎一护・Boss		100	1	60	0	253
smzd	   50  60    [时装]・快乐风男・Boss		100	1	60	0	253

ttzc	   80  80    魔王・撒旦		100	100	30	0	249
ttzc	   80  80    泰坦守护神		100	100	30	0	249
ttzc	   80  80    [时装]・黑崎一护・Boss		100	1	30	0	253
ttzc	   80  80    [时装]・快乐风男・Boss		100	1	30	0	253

jztyj	   42  67    神秘・魔王		100	80	30	0	249	
jztyj	   42  67    GM		100	80	30	0	249
jztyj	   42  67    [时装]・黑崎一护・Boss		100	1	60	0	253
jztyj	   42  67    [时装]・快乐风男・Boss		100	1	60	0	253

mfyj	   42  67    ★★★玛法・之王★★★		100	50	30	0	249
mfyj	   42  67    [时装]・黑崎一护・Boss		100	1	60	0	253
mfyj	   42  67    [时装]・快乐风男・Boss		100	1	60	0	253

;=====================十万大山
swds	   200  200    重明鸟		100	190	30	0	249
swds	   200  200    白泽		100	190	30	0	249
swds	   200  200    白帝少昊・神		100	190	30	0	249
swds	   200  200    冉遗之鱼		100	190	30	0	249
swds	   200  200    多罗罗		100	190	30	0	249
swds	   200  200    招司		100	100	30	0	249
swds	   200  200    阳光战神・Boss		100	1	60	0	253


350li	   50  50    重明鸟		100	80	30	0	249
350li	   50  50    白泽		100	80	30	0	249
;350li	   50  50    阳光战神・Boss		100	1	60	0	253

xitian	   50  50    白帝少昊・神		100	80	60	0	249
xitian	   50  50    冉遗之鱼		100	80	60	0	249
;xitian	   50  50    阳光战神・Boss		100	1	60	0	253

huashan	   60  60    招司		100	100	100	0	249
huashan	   60  60    多罗罗		100	100	100	0	249
;huashan	   60  60    阳光战神・Boss		100	1	60	0	253


;=====================混沌星界
hdxj	   400  400    七⑿巧甭菊		400	150	40	0	249
hdxj	   400  400    狼星粉碎者		400	150	40	0	249
hdxj	   400  400    武曲星掠食者		400	150	40	0	249
hdxj	   400  400    禄存星破坏者		400	150	40	0	249
hdxj	   400  400    暗夜星祈祷者		400	150	40	0	249
hdxj	   400  400    廉贞星毁缯		400	150	40	0	249
hdxj	   400  400    太阳神		400	120	60	0	249
hdxj	   400  400    月神		400	120	60	0	249
hdxj	   400  400    七星剑仙・Boss		400	1	60	0	253



7stlx	   97  97    七⑿巧甭菊		100	100	30	0	249
7stlx	   97  97    狼星粉碎者		100	100	30	0	249
;7stlx	   97  97    七星剑仙・Boss		100	1	60	0	253

wqlcx	   97  97    武曲星掠食者		100	100	30	0	249
wqlcx	   97  97    禄存星破坏者		100	100	30	0	249
;wqlcx	   97  97    七星剑仙・Boss		100	1	60	0	253


aylzx	   97  97    暗夜星祈祷者		100	100	30	0	249
aylzx	   97  97    廉贞星毁缯		100	100	30	0	249
;aylzx	   97  97    七星剑仙・Boss		100	1	60	0	253

shouhushen	   100  100    太阳神		100	100	40	0	249
shouhushen	   100  100    月神		100	100	40	0	249
;shouhushen	   100  100    七星剑仙・Boss		100	1	60	0	253



;=====================靠山宗
kaoshan              500  500   青衣韩山           100     80      30      0       249 
kaoshan              500  500   季家之子           100     80      30      0       249
kaoshan              500  500   寒土妖帝           100     80      30      0       249
kaoshan              500  500   靠山老祖           100     80      30      0       249
kaoshan              500  500   妖女芷香           100     80      30      0       249
kaoshan              500  500   血面老怪           100     80      30      0       249
kaoshan	          500  500   苍・龙		100	80      30	0	249
kaoshan	          500  500   天地无情-刍狗	100	80	30	0	249
kaoshan	          500  500   鸿蒙金榜		100	80	30	0	249
kaoshan	          500  500   鸿蒙神尊		100	80	30	0	249
kaoshan	          500  500   古妖		100	80	30	0	249
kaoshan	          500  500   古魔		100	80	30	0	249
kaoshan 182 182 超级英雄【钢铁侠】 500 2 20 0 253
kaoshan 182 182 超级英雄【蝙蝠侠】 500 2 20 0 253
kaoshan 182 182 超级英雄【蜘蛛侠】 500 2 20 0 253
kaoshan 182 182 超级英雄【超人】   500 2 20 0 253

;=====================鸿蒙空间
hmkj	   500  500    苍・龙		100	100	30	0	249
hmkj	   500  500    天地无情-刍狗	100	100	30	0	249
hmkj	   500  500    鸿蒙金榜		100	100	30	0	249
hmkj	   500  500    鸿蒙神尊		100	100	30	0	249
hmkj	   500  500    古妖		100	100	30	0	249
hmkj	   500  500    古魔		100	100	30	0	249
hmkj 500 500 超级英雄【钢铁侠】 500 2 20 0 253
hmkj 500 500 超级英雄【蝙蝠侠】 500 2 20 0 253
hmkj 500 500 超级英雄【蜘蛛侠】 500 2 20 0 253
hmkj 500 500 超级英雄【超人】   500 2 20 0 253

;=====================彼岸
bian               500  500   青衣韩山           100     100     30      0       249 
bian               500  500   季家之子           100     100     30      0       249
bian               500  500   寒土妖帝           100     100     30      0       249
bian               500  500   靠山老祖           100     100     30      0       249
bian               500  500   妖女芷香           100     100     30      0       249
bian               500  500   血面老怪           100     100     30      0       249
bian 182 182 超级英雄【钢铁侠】 500 2 20 0 253
bian 182 182 超级英雄【蝙蝠侠】 500 2 20 0 253
bian 182 182 超级英雄【蜘蛛侠】 500 2 20 0 253
bian 182 182 超级英雄【超人】   500 2 20 0 253

;=====================靠山宗秘境
kaoshanmj              500  500   青衣韩山           100     150     30      0       249 
kaoshanmj              500  500   季家之子           100     150     30      0       249
kaoshanmj              500  500   寒土妖帝           100     150     30      0       249
kaoshanmj              500  500   靠山老祖           100     150     30      0       249
kaoshanmj              500  500   妖女芷香           100     150     30      0       249
kaoshanmj              500  500   血面老怪           100     150     30      0       249
kaoshanmj	        500  500    苍・龙	      100     150     30      0	      249
kaoshanmj	        500  500   天地无情-刍狗      100     150     30      0	      249
kaoshanmj	        500  500    鸿蒙金榜	      100     150     30      0	      249
kaoshanmj	        500  500    鸿蒙神尊	      100     150     30      0	      249
kaoshanmj	        500  500    古妖	      100     150     30      0	      249
kaoshanmj	        500  500    古魔	      100     150     30      0	      249
kaoshanmj 182 182 超级英雄【钢铁侠】 500 2 20 0 253
kaoshanmj 182 182 超级英雄【蝙蝠侠】 500 2 20 0 253
kaoshanmj 182 182 超级英雄【蜘蛛侠】 500 2 20 0 253
kaoshanmj 182 182 超级英雄【超人】   500 2 20 0 253
kaoshanmj	        500  500    靠山宗秘境boss	      100     1     180      0	      255


;=====================仙墟
xianxu                    500  500   墨居仁             100     80     30      0       249 
xianxu                    500  500   大衍神君           100     80     30      0       249
xianxu                    500  500   宝花始祖           100     30     30      0       249
xianxu                    500  500   莫简离             100     80     30      0       249
xianxu                    500  500   紫灵仙子           100     80     30      0       249
xianxu	                500  500   慕沛灵	      100     80     30      0       249
xianxu	                500  500   [时装]・更木剑八・Boss	      100     1     60      0       253
xianxu 182 182 超级英雄【钢铁侠】 500 2 20 0 253
xianxu 182 182 超级英雄【蝙蝠侠】 500 2 20 0 253
xianxu 182 182 超级英雄【蜘蛛侠】 500 2 20 0 253
xianxu 182 182 超级英雄【超人】   500 2 20 0 253

;=====================丹界一脉
djym              500  500   墨居仁             100     80     30      0       249 
djym              500  500   大衍神君           100     80     30      0       249
djym              500  500   莫简离             100     80     30      0       249
djym              500  500   [时装]・更木剑八・Boss	      100     1     60      0       253
djym 182 182 超级英雄【钢铁侠】 500 2 20 0 253
djym 182 182 超级英雄【蝙蝠侠】 500 2 20 0 253
djym 182 182 超级英雄【蜘蛛侠】 500 2 20 0 253
djym 182 182 超级英雄【超人】   500 2 20 0 253

;=====================祭祀之地
jszd              500  500   宝花始祖           100     30      30      0       249
jszd              500  500   紫灵仙子           100     80      30      0       249
jszd	      500  500   慕沛灵		    100	    80	    30	    0	    249
jszd	      500  500   [时装]・更木剑八・Boss	      100     1     60      0       253
jszd 182 182 超级英雄【钢铁侠】 500 2 20 0 253
jszd 182 182 超级英雄【蝙蝠侠】 500 2 20 0 253
jszd 182 182 超级英雄【蜘蛛侠】 500 2 20 0 253
jszd 182 182 超级英雄【超人】   500 2 20 0 253

;=====================仙墟秘境
xianxumj              500  500   墨居仁             100     200     30      0       249 
xianxumj              500  500   大衍神君           100     200     30      0       249
xianxumj              500  500   宝花始祖           100     50      30      0       249
xianxumj              500  500   莫简离             100     200     30      0       249
xianxumj              500  500   紫灵仙子           100     200     30      0       249
xianxumj	      500  500   慕沛灵		    100	    200	    30	    0	    249
xianxumj	      500  500   [时装]・更木剑八・Boss	      100     1     60      0       253
xianxumj 182 182 超级英雄【钢铁侠】 500 1 20 0 253
xianxumj 182 182 超级英雄【蝙蝠侠】 500 1 20 0 253
xianxumj 182 182 超级英雄【蜘蛛侠】 500 1 20 0 253
xianxumj 182 182 超级英雄【超人】   500 1 20 0 253
xianxumj              500  500   仙墟秘境boss           100     1     180      0       255


;=====================三十三天
33day              500  500   至尊柳神           100     80     30      0       249 
33day              500  500   大龟驮             100     80     30      0       249
33day              500  500   混世魔猿           100     80     30      0       249
33day              500  500   齐道临             100     30     30      0       249 
33day              500  500   神圣孔雀           100     80     30      0       249
33day              500  500   不死仙凰           100     80     30      0       249
33day              500  500   ★★「九天・祥云」★★・Boss           100     1     60      0       253
33day 182 182 超级英雄【钢铁侠】 500 3 20 0 253
33day 182 182 超级英雄【蝙蝠侠】 500 3 20 0 253
33day 182 182 超级英雄【蜘蛛侠】 500 3 20 0 253
33day 182 182 超级英雄【超人】   500 3 20 0 253

;=====================第七天
d7tian              500  500   至尊柳神           100     80     30      0       249 
d7tian              500  500   大龟驮             100     80     30      0       249
d7tian              500  500   混世魔猿           100     80     30      0       249
d7tian              500  500   ★★「九天・祥云」★★・Boss           100     1     60      0       253
d7tian 182 182 超级英雄【钢铁侠】 500 2 20 0 253
d7tian 182 182 超级英雄【蝙蝠侠】 500 2 20 0 253
d7tian 182 182 超级英雄【蜘蛛侠】 500 2 20 0 253
d7tian 182 182 超级英雄【超人】   500 2 20 0 253

;=====================第九天
d9tian                500  500   齐道临             100     30     30      0       249 
d9tian                500  500   神圣孔雀           100     80     30      0       249
d9tian                500  500   不死仙凰           100     80     30      0       249
d9tian                500  500   ★★「九天・祥云」★★・Boss           100     1     60      0       253
d9tian 182 182 超级英雄【钢铁侠】 500 2 20 0 253
d9tian 182 182 超级英雄【蝙蝠侠】 500 2 20 0 253
d9tian 182 182 超级英雄【蜘蛛侠】 500 2 20 0 253
d9tian 182 182 超级英雄【超人】   500 2 20 0 253

;=====================三十三天秘境
33daymj          500  500   至尊柳神           100     200     30      0       249 
33daymj          500  500   大龟驮             100     200     30      0       249
33daymj          500  500   混世魔猿           100     200     30      0       249
33daymj          500  500   齐道临             100     50      30      0       249 
33daymj          500  500   神圣孔雀           100     200     30      0       249
33daymj          500  500   不死仙凰           100     200     30      0       249
33daymj          500  500   ★★「九天・祥云」★★・Boss           100     1     60      0       253
33daymj 182 182 超级英雄【钢铁侠】 500 2 20 0 253
33daymj 182 182 超级英雄【蝙蝠侠】 500 2 20 0 253
33daymj 182 182 超级英雄【蜘蛛侠】 500 2 20 0 253
33daymj 182 182 超级英雄【超人】   500 2 20 0 253
33daymj          500  500   三十三天秘境boss           100     1     240      0       255


;=====================第九山海
d9sh              500  500   古乙丁三雨         100     60     30      0       249 
d9sh              500  500   墨土修士           100     60     30      0       249
d9sh              500  500   九山海・季主       100     20     30      0       249
d9sh              500  500   季主七妃           100     60     30      0       249 
d9sh              500  500   海东青             100     60     30      0       249
d9sh              500  500   李主死侍           100     60     30      0       249
d9sh              500  500   [时装]・橘右京・Boss           100     1     60      0       253

d9sh 182 182 超级英雄【钢铁侠】 500 2 20 0 253
d9sh 182 182 超级英雄【蝙蝠侠】 500 2 20 0 253
d9sh 182 182 超级英雄【蜘蛛侠】 500 2 20 0 253
d9sh 182 182 超级英雄【超人】   500 2 20 0 253

;=====================南天
nantian                  500  500   九山海・季主       100     20     30      0       249
nantian                  500  500   季主七妃           100     60     30      0       249
nantian                  500  500   [时装]・橘右京・Boss           100     1     60      0       253
nantian 182 182 超级英雄【钢铁侠】 500 3 20 0 253
nantian 182 182 超级英雄【蝙蝠侠】 500 3 20 0 253
nantian 182 182 超级英雄【蜘蛛侠】 500 3 20 0 253
nantian 182 182 超级英雄【超人】   500 3 20 0 253

;=====================东胜
dongsheng                  500  500   古乙丁三雨         100     60     30      0       249 
dongsheng                  500  500   墨土修士           100     60     30      0       249 
dongsheng                  500  500   [时装]・橘右京・Boss           100     1     60      0       253
dongsheng 182 182 超级英雄【钢铁侠】 500 3 20 0 253
dongsheng 182 182 超级英雄【蝙蝠侠】 500 3 20 0 253
dongsheng 182 182 超级英雄【蜘蛛侠】 500 3 20 0 253
dongsheng 182 182 超级英雄【超人】   500 3 20 0 253

;=====================西牛
xiniu                  500  500   海东青             100     60     30      0       249
xiniu                  500  500   李主死侍           100     60     30      0       249
xiniu                  500  500   [时装]・橘右京・Boss           100     1     60      0       253
xiniu 182 182 超级英雄【钢铁侠】 500 3 20 0 253
xiniu 182 182 超级英雄【蝙蝠侠】 500 3 20 0 253
xiniu 182 182 超级英雄【蜘蛛侠】 500 3 20 0 253
xiniu 182 182 超级英雄【超人】   500 3 20 0 253

;=====================第九山海秘境
d9shmj          500  500   古乙丁三雨         100     180     30      0       249 
d9shmj          500  500   墨土修士           100     180     30      0       249
d9shmj          500  500   九山海・季主       100     40      30      0       249
d9shmj          500  500   季主七妃           100     180     30      0       249 
d9shmj          500  500   海东青             100     180     30      0       249
d9shmj          500  500   李主死侍           100     180     30      0       249
d9shmj          500  500   [时装]・橘右京・Boss           100     1     60      0       253
d9shmj 182 182 超级英雄【钢铁侠】 500 3 20 0 253
d9shmj 182 182 超级英雄【蝙蝠侠】 500 3 20 0 253
d9shmj 182 182 超级英雄【蜘蛛侠】 500 3 20 0 253
d9shmj 182 182 超级英雄【超人】   500 3 20 0 253
d9shmj          500  500   第九山海秘境boss             100     1     240      0       255

;=====================如风界
rufengjie                500  500   血獒               100     60     30      0       249 
rufengjie                500  500   蚊兽               100     60     30      0       249
rufengjie                500  500   黎仙               100     60     30      0       249
rufengjie                500  500   血妖分身           100     60     30      0       249 
rufengjie                500  500   九山海・李主       100     20     30      0       249
rufengjie                500  500   吾名道方           100     60     30      0       249
rufengjie                500  500   ★★「九天★祥云」★★・Boss           100     1     60      0       253

rufengjie 182 182 超级英雄【钢铁侠】 500 2 20 0 253
rufengjie 182 182 超级英雄【蝙蝠侠】 500 2 20 0 253
rufengjie 182 182 超级英雄【蜘蛛侠】 500 2 20 0 253
rufengjie 182 182 超级英雄【超人】   500 2 20 0 253

;=====================仙古道场
xgdc              500  500   血妖分身           100     60     30      0       249 
xgdc              500  500   九山海・李主       100     20     30      0       249
xgdc              500  500   吾名道方           100     60     30      0       249
xgdc              500  500   ★★「九天★祥云」★★・Boss           100     1     60      0       253
xgdc 182 182 超级英雄【钢铁侠】 500 2 20 0 253
xgdc 182 182 超级英雄【蝙蝠侠】 500 2 20 0 253
xgdc 182 182 超级英雄【蜘蛛侠】 500 2 20 0 253
xgdc 182 182 超级英雄【超人】   500 2 20 0 253

;=====================上古道湖
sgdh                  500  500   血獒               100     60     30      0       249 
sgdh                  500  500   蚊兽               100     60     30      0       249
sgdh                  500  500   黎仙               100     60     30      0       249
sgdh                  500  500   ★★「九天★祥云」★★・Boss           100     1     60      0       253
sgdh 182 182 超级英雄【钢铁侠】 500 4 20 0 253
sgdh 182 182 超级英雄【蝙蝠侠】 500 4 20 0 253
sgdh 182 182 超级英雄【蜘蛛侠】 500 4 20 0 253
sgdh 182 182 超级英雄【超人】   500 4 20 0 253

;=====================如风界秘境
rufengjiemj            500  500   血獒               100     180    30      0       249 
rufengjiemj            500  500   蚊兽               100     180    30      0       249
rufengjiemj            500  500   黎仙               100     180    30      0       249
rufengjiemj            500  500   血妖分身           100     180    30      0       249 
rufengjiemj            500  500   九山海・李主       100     40     30      0       249
rufengjiemj            500  500   吾名道方           100     180    30      0       249
rufengjiemj            500  500   ★★「九天★祥云」★★・Boss           100     1     60      0       253
rufengjiemj 182 182 超级英雄【钢铁侠】 500 3 20 0 253
rufengjiemj 182 182 超级英雄【蝙蝠侠】 500 3 20 0 253
rufengjiemj 182 182 超级英雄【蜘蛛侠】 500 3 20 0 253
rufengjiemj 182 182 超级英雄【超人】   500 3 20 0 253
rufengjiemj            500  500   如风界秘境boss           100     1    240      0       255

;=====================封妖古地
fygd              500  500   神妖魔灵           100     15     30      0       249 
fygd              500  500   韩               100     80     30      0       249
fygd              500  500   五爷               100     80     30      0       249
fygd              500  500   纵无涯             100     80     30      0       249 
fygd              500  500   玄方至尊           100     80     30      0       249
fygd              500  500   季东阳             100     80     30      0       249
fygd              500  500   五爷1               100     1     30      0       249
fygd              500  500   [时装]・fengqiuhuang・Boss               100     1     60      0       253
fygd 182 182 超级英雄【钢铁侠】 500 4 20 0 253
fygd 182 182 超级英雄【蝙蝠侠】 500 4 20 0 253
fygd 182 182 超级英雄【蜘蛛侠】 500 4 20 0 253
fygd 182 182 超级英雄【超人】   500 4 20 0 253


;=====================封妖古地秘境
fygdmj          500  500   神妖魔灵           100     30      30      0       249 
fygdmj          500  500   韩               100     150     30      0       249
fygdmj          500  500   五爷               100     150     30      0       249
fygdmj          500  500   纵无涯             100     150     30      0       249 
fygdmj          500  500   玄方至尊           100     150     30      0       249
fygdmj          500  500   季东阳             100     150     30      0       249
fygdmj          500  500   [时装]・fengqiuhuang・Boss               100     1     60      0       253
fygdmj 182 182 超级英雄【钢铁侠】 500 4 20 0 253
fygdmj 182 182 超级英雄【蝙蝠侠】 500 4 20 0 253
fygdmj 182 182 超级英雄【蜘蛛侠】 500 4 20 0 253
fygdmj 182 182 超级英雄【超人】   500 4 20 0 253
fygdmj          500  500   封妖古地秘境boss             100     1     360      0       255


;=====================苍茫星空
cmxk              500  500   道天               100     100     30      0       249 
cmxk              500  500   疯子               100     100     30      0       249
cmxk              500  500   人仙鬼怪           100     30      30      0       249
cmxk              500  500   方秀山             100     100     30      0       249 
cmxk              500  500   许清               100     100     30      0       249
cmxk              500  500   黑发戮默           100     100     30      0       249
cmxk              500  500   韩江           100     10     40      0       255
cmxk              500  500   孟姝           100     10     40      0       255
cmxk 182 182 超级英雄【钢铁侠】 500 3 20 0 253
cmxk 182 182 超级英雄【蝙蝠侠】 500 3 20 0 253
cmxk 182 182 超级英雄【蜘蛛侠】 500 3 20 0 253
cmxk 182 182 超级英雄【超人】   500 3 20 0 253


;=====================苍茫星空秘境
cmxkmj          500  500   道天               100     160     30      0       249 
cmxkmj          500  500   疯子               100     160     30      0       249
cmxkmj          500  500   人仙鬼怪           100     30      30      0       249
cmxkmj          500  500   方秀山             100     160     30      0       249 
cmxkmj          500  500   许清               100     160     30      0       249
cmxkmj          500  500   黑发戮默           100     160     30      0       249
cmxkmj          500  500   韩江               100     20     30      0       255
cmxkmj          500  500   孟姝           100     20     30      0       255
cmxkmj 182 182 超级英雄【钢铁侠】 500 3 20 0 253
cmxkmj 182 182 超级英雄【蝙蝠侠】 500 3 20 0 253
cmxkmj 182 182 超级英雄【蜘蛛侠】 500 3 20 0 253
cmxkmj 182 182 超级英雄【超人】   500 3 20 0 253
cmxkmj          500  500   苍茫星空秘境boss           100     1     360      0       255





yckj 	62	38	全暴◇【队友之灾１８２】	5	20	60	0	11
yckj  	62	38	全暴◇【祖安狂人音洛】		5	20	60	0	11
yckj 	62	38	全暴◇【表面兄弟均衡】		5	20	60	0	11


yckj2 	62	38	全暴◇【队友之灾１８２】	5	20	60	0	11
yckj2  	62	38	全暴◇【祖安狂人音洛】		5	20	60	0	11
yckj2 	62	38	全暴◇【表面兄弟均衡】		5	20	60	0	11
yckj2 	62	38	影藏空间・专属BOSS【全暴】      5	1	120	0	151





fysm 	90	106	守护者	200	150	60	0	249
fysm 	90	106	圣职者	200	150	60	0	249
fysm 	90	106	宿命者	200	150	60	0	249


bjzd	88	90	★封印之魔王★		50	60	60	0	249

bjzd	38	40            第五使徒・潜行者・希洛克              0             5             120          253


;=====================新人地图
1dl1	100	100	僵尸王[Boss]	400	2	20	0	253

1dl1	100	100	爬行僵尸[暴躁]	100	120	5	0	255
1dl1	100	100	腐烂僵尸[暴躁]	100	120	5	0	255
1dl1	100	100	变异僵尸[暴躁]	100	120	5	0	255


1dl11	50	50	暴风王[Boss]	50	2	20	0	253
1dl11	50	50	暴风卫士[暴躁]	50	80	5	0	255
1dl11	50	50	暴风战士[暴躁]	50	80	5	0	255
1dl11	50	50	暴风勇士[暴躁]	50	80	5	0	255

1dl12	50	50	飞科大魔王[Boss]	100	2	20	0	253
1dl12	50	50	除魔卫士[暴躁]	50	80	5	0	255
1dl12	50	50	除魔战士[暴躁]	50	80	5	0	255
1dl12	50	50	除魔勇士[暴躁]	50	80	5	0	255


;=====================葬神之谷


1dl4	125	125	墨菲特	                50	250	10	0	241
1dl4	125	125	索拉卡           	50	250	10	0	241
1dl4	125	125	索拉卡    	150	50	10	0	241
1dl4	125	125	墨菲特    	150	50	10	0	241

1dl4	125	125	葬神山谷专属[Boss]    	150	2	30	0	253


1dl4	125	125	武器大师	150	400	10	0	241
1dl4	125	125	亚索		150	400	10	0	241
1dl4	125	125	武器大师	150	400	10	0	241
1dl4	125	125	亚索		150	400	10	0	241

1dl4	150	150	福利・国宝熊猫【狂暴】	50	10	30	0	253
1dl4	150	150	福利・狂暴年兽【狂暴】	50	10	30	0	253
1dl4	150	150	福利・五仁月饼【狂暴】	50	10	30	0	253
1dl4	150	150	邪魔道人	150	100	10	0	249
1dl4	150	150	石像鬼头	150	100	10	0	249
1dl4	150	150	虚空入侵者	150	100	10	0	249
1dl4	150	150	灵掌道人	150	100	130	0	249


1dl4	150	150	虚空大虫子	150	400	10	0	241
1dl4	150	150	抚琴少女	150	400	10	0	241
1dl4	150	150	虚空大虫子	150	50	10	0	241
1dl4	150	150	抚琴少女	150	50	10	0	241
1dl4	150	150	福利・国宝熊猫【狂暴】	50	5	30	0	253
1dl4	150	150	福利・狂暴年兽【狂暴】	50	5	30	0	253
1dl4	150	150	福利・五仁月饼【狂暴】	50	5	30	0	253
1dl4	150	150	邪魔道人	150	30	10	0	249
1dl4	150	150	石像鬼头	150	30	10	0	249
1dl4	150	150	虚空入侵者	150	30	10	0	249
1dl4	150	150	灵掌道人	150	30	10	0	249


;=====================自由大陆

1dl5	250	250	自由大陆专属[Boss]		250	2	30	0	253

1dl5	250	250	墨菲特		250	350	10	0	241
1dl5	250	250	索拉卡		250	350	10	0	241
1dl5	250	250	武器大师	250	350	10	0	241
1dl5	250	250	亚索		250	350	10	0	241
1dl5	250	250	虚空大虫子	250	350	10	0	241
1dl5	250	250	抚琴少女	250	350	10	0	241

1dl5	250	250	福利・国宝熊猫【狂暴】	250	20	10	0	253
1dl5	250	250	福利・狂暴年兽【狂暴】	250	20	10	0	253
1dl5	250	250	福利・五仁月饼【狂暴】	250	20	10	0	253
1dl5	250	250	邪魔道人	250	250	10	0	249
1dl5	250	250	石像鬼头	250	250	10	0	249
1dl5	250	250	虚空入侵者	250	250	10	0	249
1dl5	250	250	灵掌道人	250	250	10	0	249



;sjdx	140	133	墨菲特	250	20	10	0	241
;sjdx	140	133	索拉卡	250	20	10	0	241
;sjdx	140	133	武器大师	250	20	10	0	241
;sjdx	140	133	亚索	250	20	10	0	241
;sjdx	140	133	虚空大虫子	250	20	10	0	241
;sjdx	140	133	抚琴少女	250	20	10	0	241
;sjdx	140	133	◆亡灵殿主◆	250	20	10	0	150
;sjdx	140	133	◆百战之王◆	250	20	10	0	150
;sjdx	140	133	◆永恒魔君◆	250	20	10	0	150
;sjdx	140	133	炼狱尸神・大天尊	250	10	10	0	70
;sjdx	140	133	地狱使者・炎鬼九	250	10	10	0	70
;sjdx	140	133	死亡召唤・浑天霸	250	10	10	0	70
;sjdx	140	133	福利・国宝熊猫【狂暴】	250	5	30	0	253
;sjdx	140	133	福利・狂暴年兽【狂暴】	250	5	30	0	253
;sjdx	140	133	福利・五仁月饼【狂暴】	250	5	30	0	253
;sjdx	140	133	邪魔道人	250	3	10	0	249
;sjdx	140	133	石像鬼头	250	3	10	0	249
;sjdx	140	133	虚空入侵者	250	3	10	0	249
;sjdx	140	133	灵掌道人	250	3	10	0	249




;mfml	210	206	墨菲特	250	20	10	0	241
;mfml	210	206	索拉卡	250	20	10	0	241
;mfml	210	206	武器大师	250	20	10	0	241
;mfml	210	206	亚索	250	20	10	0	241
;mfml	210	206	虚空大虫子	250	20	10	0	241
;mfml	210	206	抚琴少女	250	20	10	0	241
;mfml	210	206	◆亡灵殿主◆	250	10	10	0	150
;mfml	210	206	◆百战之王◆	250	10	10	0	150
;mfml	210	206	◆永恒魔君◆	250	10	10	0	150
;mfml	210	206	炼狱尸神・大天尊	250	10	10	0	70
;mfml	210	206	地狱使者・炎鬼九	250	10	10	0	70
;mfml	210	206	死亡召唤・浑天霸	250	10	10	0	70
;mfml	210	206	福利・国宝熊猫【狂暴】	250	5	10	0	253
;mfml	210	206	福利・狂暴年兽【狂暴】	250	5	10	0	253
;mfml	210	206	福利・五仁月饼【狂暴】	250	5	10	0	253
;mfml	210	206	邪魔道人	250	30	10	0	249
;mfml	210	206	石像鬼头	250	30	10	0	249
;mfml	210	206	虚空入侵者	250	30	10	0	249
;mfml	210	206	灵掌道人	250	30	10	0	249


;ysbl	197	238	墨菲特	250	20	10	0	241
;ysbl	197	238	索拉卡	250	20	10	0	241
;ysbl	197	238	武器大师	250	20	10	0	241
;ysbl	197	238	亚索	250	20	30	0	241
;ysbl	197	238	虚空大虫子	250	20	10	0	241
;ysbl	197	238	抚琴少女	250	20	10	0	241
;ysbl	197	238	◆亡灵殿主◆	250	10	10	0	150
;ysbl	197	238	◆百战之王◆	250	10	10	0	150
;ysbl	197	238	◆永恒魔君◆	250	10	10	0	150
;ysbl	197	238	炼狱尸神・大天尊	250	5	10	0	70
;ysbl	197	238	地狱使者・炎鬼九	250	5	10	0	70
;ysbl	197	238	死亡召唤・浑天霸	250	5	10	0	70
;ysbl	197	238	福利・国宝熊猫【狂暴】	250	5	30	0	253
;ysbl	197	238	福利・狂暴年兽【狂暴】	250	5	30	0	253
;ysbl	197	238	福利・五仁月饼【狂暴】	250	5	30	0	253
;ysbl	197	238	邪魔道人	250	30	10	0	249
;ysbl	197	238	石像鬼头	250	30	10	0	249
;ysbl	197	238	虚空入侵者	250	30	10	0	249
;ysbl	197	238	灵掌道人	250	30	10	0	249






;=============召唤师峡谷


  
ytlds	88	116	召唤峡谷专属[Boss]	500	2	60	0	253
ytlds	88	116	福利・国宝熊猫【狂暴】	500	5	30	0	253
ytlds	88	116	福利・狂暴年兽【狂暴】	500	5	30	0	253
ytlds	88	116	福利・五仁月饼【狂暴】	500	5	30	0	253
ytlds	88	116	众星之子★索拉卡★	200	250	10	0	249
ytlds	88	116	扭曲树精★茂凯★	200	250	10	0	249
ytlds	88	116	堕落天使★莫甘娜★	200	250	10	0	249
ytlds	88	116	腥红收割★佛拉吉★	200	250	10	0	249
ytlds	88	116	召唤师★★★	200	2	15	0	253
ytlds	88	116	放逐之刃★瑞文★	200	250	10	0	249
ytlds	88	116	战争女神★希维尔★	200	250	10	0	249
ytlds	88	116	琴瑟仙女★莎娜★	200	250	10	0	249



lol	84    98	众星之子★索拉卡★	300	25	10	0	215
lol	84    98	扭曲树精★茂凯★	300	25	10	0	215
lol	84    98	堕落天使★莫甘娜★	300	25	10	0	215
lol	84    98	腥红收割★佛拉吉★	300	25	10	0	215
lol	84    98	召唤师★★★	        300	1	60	0	253
lol	84    98	放逐之刃★瑞文★	300	25	10	0	215
lol	84    98	战争女神★希维尔★	300	25	10	0	215
lol	84    98	琴瑟仙女★莎娜★	300	25	10	0	215
lol	84    98	召唤峡谷专属[Boss]	300	1	60	0	253














;=============起源之地

lol	84	98	散人福利・超级BOSS	        0	1	480	0	253


;==============峡谷之巅===========================

lfdl	377	409	峡谷专属[Boss]	500	2	60	0	253
lfdl	377	409	峡谷王★★★	500	1	60	0	253

lfdl	377	409	★雪人骑士★努努★SS	500	350	30	0	249
lfdl	377	409	★狂暴之心★凯南★BB	500	350	30	0	249
lfdl	377	409	★重装使者★凯撒★AA	500	350	30	0	249
lfdl	377	409	★远古巫灵★泽拉斯★SS	500	350	30	0	249
lfdl	377	409	★巨大恶魔★莫德★SS	500	350	30	0	249
lfdl	377	409	★巨锤死神★巴尔★AA	500	350	30	0	249
lfdl	377	409	★影流之主★劫★SS	500	350	30	0	249
lfdl	377	409	★永恒梦魇★魔腾★SS	200	350	30	0	249
lfdl	377	409	★正义巨像★加里奥★SS+	200	350	30	0	249
lfdl	377	409	★刀锋之影★泰隆★SS+	200	350	30	0	249
lfdl	377	409	福利・国宝熊猫【狂暴】	500	5	30	0	253
lfdl	377	409	福利・狂暴年兽【狂暴】	500	5	30	0	253
lfdl	377	409	福利・五仁月饼【狂暴】	500	5	30	0	253


lol	84	98	峡谷专属[Boss]	        300	1	60	0	253
lol	84	98	峡谷王★★★	        300	1	60	0	253
lol	84	98	★雪人骑士★努努★SS	300	16	10	0	254
lol	84	98	★狂暴之心★凯南★BB	300	16	10	0	254
lol	84	98	★重装使者★凯撒★AA	300	16	10	0	254
lol	84	98	★远古巫灵★泽拉斯★SS	300	16	10	0	254
lol	84	98	★巨大恶魔★莫德★SS	300	16	10	0	254
lol	84	98	★巨锤死神★巴尔★AA	300	16	10	0	254
lol	84	98	★影流之主★劫★SS	300	16	10	0	254
lol	84	98	★永恒梦魇★魔腾★SS	300	16	10	0	254
lol	84	98	★正义巨像★加里奥★SS+	300	16	10	0	254
lol	84	98	★刀锋之影★泰隆★SS+	300	16	10	0	254
lol	84	98	福利・国宝熊猫【狂暴】	300	1	30	0	253
lol	84	98	福利・狂暴年兽【狂暴】	300	1	30	0	253
lol	84	98	福利・五仁月饼【狂暴】	300	1	30	0	253






;==============创世★巅峰===========================


xxsj	183	271	巅峰大帝★★★	200	1	60	0	253
xxsj	183	271	巅峰专属[Boss]		200	2	60	0	253
xxsj	183	271	夜影大帝¤残夜	200	250	60	0	249
xxsj	183	271	红尘大帝¤鬼索	200	250	60	0	249
xxsj	183	271	冰羽大帝¤冰封★	200	250	60	0	249
xxsj	183	271	明月大帝¤巅峰★	200	250	60	0	249
xxsj	183	271	明月大帝¤天命★	200	250	60	0	249
xxsj	183	271	幽魂大帝¤爻君★	200	250	60	0	249
xxsj	183	271	魔族后裔¤赤炎	200	250	60	0	249
xxsj	183	271	福利・国宝熊猫【狂暴】	200	5	30	0	253
xxsj	183	271	福利・狂暴年兽【狂暴】	200	5	30	0	253
xxsj	183	271	福利・五仁月饼【狂暴】	200	5	30	0	253


lol	84	98	巅峰大帝★★★	        300	1	60	0	253
lol	84	98	巅峰专属[Boss]		300	1	60	0	253
lol	84	98	夜影大帝¤残夜	        300	17	10	0	154
lol	84	98	红尘大帝¤鬼索	        300	17	10	0	154
lol	84	98	冰羽大帝¤冰封★	300	17	10	0	154
lol	84	98	明月大帝¤巅峰★	300	17	10	0	154
lol	84	98	明月大帝¤天命★	300	17	10	0	154
lol	84	98	幽魂大帝¤爻君★	300	17	10	0	154
lol	84	98	魔族后裔¤赤炎	        300	17	10	0	154




;==============原始大陆===========================



dldl	425	373	原始专属[Boss]		500	3	60	0	253
dldl	425	373	白野猪【远古】	500	450	30	0	249
dldl	425	373	双头金刚【远古】	500	450	30	0	249
dldl	425	373	牛魔王【远古】	500	350	30	0	249
dldl	425	373	沃玛恶魔【远古】	500	450	30	0	249
dldl	425	373	祖玛教主【远古】	500	450	30	0	249
dldl	425	373	赤月恶魔【远古】	500	600	30	0	249
dldl	425	373	回忆★★★	500	3	60	0	253
dldl	425	373	福利・国宝熊猫【狂暴】	200	5	30	0	253
dldl	425	373	福利・狂暴年兽【狂暴】	200	5	30	0	253
dldl	425	373	福利・五仁月饼【狂暴】	200	5	30	0	253


lol	84	98	原始专属[Boss]		300	1	60	0	253
lol	84	98	白野猪【远古】	        300	17	10	0	5
lol	84	98	双头金刚【远古】	300	17	10	0	5
lol	84	98	牛魔王【远古】        	300	17	10	0	5
lol	84	98	沃玛恶魔【远古】	300	17	10	0	5
lol	84	98	祖玛教主【远古】	300	17	10	0	5
lol	84	98	赤月恶魔【远古】	300	17	10	0	5
lol	84	98	回忆★★★	        300	1	60	0	253




;=============山海经

;==============冒险岛===========================


mxdsj	378	386	山海经专属[Boss]		200	2	60	0	253
mxdsj	378	386	山海★★★		200	2	60	0	253
mxdsj	378	386	●●●●上古凶兽●●●●	500	300	60	0	249
mxdsj	378	386	●●●●上古异兽●●●●	500	300	60	0	249
mxdsj	378	386	●●●●混沌魔兽●●●●	500	420	60	0	249
mxdsj	378	386	●●●●荒古异兽●●●●	500	250	60	0	249
mxdsj	378	386	●●●●混沌●●●●	500	250	60	0	249
mxdsj	378	386	●●●●盘古●●●●	500	250	60	0	249
mxdsj	378	386	福利・国宝熊猫【狂暴】	500	1	60	0	253
mxdsj	378	386	福利・狂暴年兽【狂暴】	500	1	60	0	253
mxdsj	378	386	福利・五仁月饼【狂暴】	500	1	60	0	253


lol	84	98	山海经专属[Boss]		300	1	60	0	253
lol	84	98	山海★★★		        300	1	60	0	253
lol	84	98	●●●●上古凶兽●●●●	300	10	10	0	150
lol	84	98	●●●●上古异兽●●●●	300	10	10	0	150
lol	84	98	●●●●混沌魔兽●●●●	300	10	10	0	150
lol	84	98	●●●●荒古异兽●●●●	300	10	10	0	150
lol	84	98	●●●●混沌●●●●	        300	10	10	0	150
lol	84	98	●●●●盘古●●●●	        300	10	10	0	150


lol	62	68	★扎昆★・【荒古传承】    	0	1	120	0	255

lol	105	127	幻境・鬼王（终极SSS+）    	0	2	120	0	255

lol	54	97	(远古)锤王・波罗丁    	0	1	120	0	255
lol	87	138	(远古)锤王・波罗丁    	0	1	120	0	255
lol	81	58	(远古)锤王・波罗丁    	0	1	120	0	255
lol	114	99	(远古)锤王・波罗丁    	0	1	120	0	255

;==============射手村===========================


mxdsj	148	155	●●●●上古凶兽●●●●	200	100	60	0	249
mxdsj	148	155	●●●●盘古●●●●	200	100	60	0	249
mxdsj	148	155	福利・国宝熊猫【狂暴】	200	3	60	0	253
mxdsj	148	155	福利・狂暴年兽【狂暴】	200	3	60	0	253
mxdsj	148	155	福利・五仁月饼【狂暴】	200	3	60	0	253

mxdsj	148	155	●●●●上古凶兽●●●●	200	120	60	0	249
mxdsj	148	155	●●●●混沌●●●●	200	100	60	0	249
mxdsj	148	155	福利・国宝熊猫【狂暴】	200	3	60	0	253
mxdsj	148	155	福利・狂暴年兽【狂暴】	200	3	60	0	253
mxdsj	148	155	福利・五仁月饼【狂暴】	200	3	60	0	253



;==============荒漠隔壁===========================




mxdsj	168	148	●●●●上古凶兽●●●●	200	150	60	0	249
mxdsj	168	148	●●●●上古异兽●●●●	200	150	60	0	249

mxdsj	168	148	●●●●盘古●●●●	200	120	60	0	249
mxdsj	168	148	福利・国宝熊猫【狂暴】	200	3	60	0	253
mxdsj	168	148	福利・狂暴年兽【狂暴】	200	3	60	0	253
mxdsj	168	148	福利・五仁月饼【狂暴】	200	3	60	0	253


;==============暗黑龙王一层===========================


;dunhuang1	133	115	●●●●上古凶兽●●●●	200	120	60	0	249
;dunhuang1	133	115	●●●●混沌魔兽●●●●	200	220	60	0	249

;dunhuang1	133	115	●●●●盘古●●●●	200	50	60	0	249


;dunhuang1	133	115	福利・国宝熊猫【狂暴】	200	3	60	0	253
;dunhuang1	133	115	福利・狂暴年兽【狂暴】	200	3	60	0	253
;dunhuang1	133	115	福利・五仁月饼【狂暴】	200	3	60	0	253

;==============暗黑龙王二层===========================


;dunhuang2	109	88	●●●●上古凶兽●●●●	200	50	60	0	249
;dunhuang2	109	88	●●●●混沌魔兽●●●●	200	150	60	0	249
;dunhuang2	109	88	●●●●盘古●●●●	200	20	60	0	249
;dunhuang2	109	88	福利・国宝熊猫【狂暴】	200	3	60	0	253
;dunhuang2	109	88	福利・狂暴年兽【狂暴】	200	3	60	0	253
;dunhuang2	109	88	福利・五仁月饼【狂暴】	200	3	60	0	253





;==============暗黑龙王三层===========================



;dunhuang3	76	61	●●●●上古凶兽●●●●	200	50	60	0	249
;dunhuang3	76	61	●●●●混沌魔兽●●●●	200	150	60	0	249
;dunhuang3	76	61	●●●●盘古●●●●	200	20	60	0	249
;dunhuang3	76	61	福利・国宝熊猫【狂暴】	200	3	60	0	253
;dunhuang3	76	61	福利・狂暴年兽【狂暴】	200	3	60	0	253
;dunhuang3	76	61	福利・五仁月饼【狂暴】	200	3	60	0	253


;==============暗黑龙王BOSS===========================


;dunhuangboss	25	25	●●●●盘古●●●●	200	5	60	0	249
;dunhuangboss	25	25	●●●●盘古●●●●	200	10	60	0	249


;==============彩虹岛===========================


mxdsj	76	61	●●●●上古凶兽●●●●	200	200	60	0	249
mxdsj	76	61	●●●●上古异兽●●●●	200	200	60	0	249
mxdsj	76	61	●●●●混沌魔兽●●●●	200	200	60	0	249
mxdsj	76	61	●●●●混沌●●●●	200	50	60	0	249
mxdsj	76	61	福利・国宝熊猫【狂暴】	200	3	60	0	253
mxdsj	76	61	福利・狂暴年兽【狂暴】	200	3	60	0	253
mxdsj	76	61	福利・五仁月饼【狂暴】	200	3	60	0	253




;==============金银岛===========================


mxdsj	211	230	●●●●上古凶兽●●●●	200	200	60	0	249
mxdsj	211	230	●●●●上古异兽●●●●	200	200	60	0	249
mxdsj	211	230	●●●●混沌魔兽●●●●	200	300	60	0	249
mxdsj	211	230	●●●●荒古异兽●●●●	200	50	60	0	249

mxdsj	211	230	福利・国宝熊猫【狂暴】	200	3	60	0	253
mxdsj	211	230	福利・狂暴年兽【狂暴】	200	3	60	0	253
mxdsj	211	230	福利・五仁月饼【狂暴】	200	3	60	0	253


;==============狮子城堡===========================


mxdsj	198	197	●●●●上古凶兽●●●●	200	200	60	0	249
mxdsj	198	197	●●●●上古异兽●●●●	200	200	60	0	249
mxdsj	198	197	●●●●混沌魔兽●●●●	200	300	60	0	249
mxdsj	198	197	●●●●荒古异兽●●●●	200	50	60	0	249
mxdsj	198	197	●●●●混沌●●●●	200	30	60	0	249


mxdsj	198	197	福利・国宝熊猫【狂暴】	200	3	60	0	253
mxdsj	198	197	福利・狂暴年兽【狂暴】	200	3	60	0	253
mxdsj	198	197	福利・五仁月饼【狂暴】	200	3	60	0	253





;=============传奇之路



;==============克洛诺斯海岛===========================


klnshd 182 182 超级英雄【钢铁侠】 500 1 20 0 253
klnshd 182 182 超级英雄【蝙蝠侠】 500 1 20 0 253
klnshd 182 182 超级英雄【蜘蛛侠】 500 1 20 0 253
klnshd 182 182 超级英雄【超人】   500 1 20 0 253

klnshd	190	168	莫贝尼	200	80	60	0	249
klnshd	190	168	空空伊	200	80	60	0	249
klnshd	190	168	波迪尔	200	80	60	0	249
klnshd	190	168	蓝影马萨乔	200	80	60	0	249
klnshd	190	168	范・弗拉丁	200	80	90	0	249
klnshd	190	168	安祖・赛弗	200	80	60	0	249





klnshd	190	168	莫贝尼	200	80	60	0	249
klnshd	190	168	空空伊	200	80	60	0	249
klnshd	190	168	波迪尔	200	80	60	0	249
klnshd	190	168	蓝影马萨乔	200	80	60	0	249
klnshd	190	168	范・弗拉丁	200	80	90	0	249
klnshd	190	168	安祖・赛弗	200	80	60	0	249




;==============西海岸===========================






xihaian	392	350	福利・国宝熊猫【狂暴】	500	1	999	0	253
xihaian	392	350	福利・狂暴年兽【狂暴】	500	1	999	0	253
xihaian	392	350	福利・五仁月饼【狂暴】	500	1	999	0	253

xihaian 182 182 超级英雄【钢铁侠】 500 1 20 0 253
xihaian 182 182 超级英雄【蝙蝠侠】 500 1 20 0 253
xihaian 182 182 超级英雄【蜘蛛侠】 500 1 20 0 253
xihaian 182 182 超级英雄【超人】   500 1 20 0 253






;=============传奇之路




glzs	123	115	传奇专属[Boss]	300	2	60	0	253
glzs	123	115	传奇路★★★	300	2	60	0	253
glzs	123	115	封魔尊者の	300	250	20	0	249
glzs	123	115	毒蛇谷主の	300	250	20	0	249
glzs	123	115	沃玛教皇の	300	250	20	0	249
glzs	123	115	比奇国王の	300	250	20	0	249
glzs	123	115	苍月岛主の	300	250	20	0	249
glzs	123	115	沙城霸主の	300	250	20	0	249
glzs	123	115	白日门主の	300	250	20	0	249
glzs 182 182 超级英雄【钢铁侠】 500 1 20 0 253
glzs 182 182 超级英雄【蝙蝠侠】 500 1 20 0 253
glzs 182 182 超级英雄【蜘蛛侠】 500 1 20 0 253
glzs 182 182 超级英雄【超人】   500 1 20 0 253



leimingdian	74	77	比奇国王の	150	100	30	0	249
leimingdian 182 182 超级英雄【钢铁侠】 500 1 20 0 253
leimingdian 182 182 超级英雄【蝙蝠侠】 500 1 20 0 253
leimingdian 182 182 超级英雄【蜘蛛侠】 500 1 20 0 253
leimingdian 182 182 超级英雄【超人】   500 1 20 0 253





ahfx	144	123	毒蛇谷主の	300	60	30	0	249

yaml	141	146	毒蛇谷主の	150	100	30	0	249

yamlsc	68	58	沃玛教皇の	150	100	30	0	249

mdfx	90	63	苍月岛主の	150	50	30	0	249

gelaka	77	68	封魔尊者の	150	100	30	0	249

lyglk	39	36	白日门主の	150	100	30	0	249
lyglk	39	36	沙城霸主の	150	100	30	0	249



tkzc	198	208	死亡专属[Boss]	300	2	60	0	253
tkzc	198	208	死神★★★	300	2	60	0	253
tkzc	198	208	※※王者霸剑○祭月	300	250	30	0	249
tkzc	198	208	※※裁决之镰●屠戮	300	350	30	0	249
tkzc	198	208	※※九天之上※主宰	300	250	30	0	249
tkzc	198	208	※※六部大神◇魔尊	300	350	30	0	249
tkzc	198	208	※※死亡之眼★白肆	300	250	30	0	249
tkzc	198	208	※※死亡之眼★白肆	300	250	30	0	249
tkzc	198	208	※※送葬者◆地冥	300	250	30	0	249
tkzc	198	208	※※灭神者◎斗魁	300	250	30	0	249
tkzc 182 182 超级英雄【钢铁侠】 500 1 20 0 253
tkzc 182 182 超级英雄【蝙蝠侠】 500 1 20 0 253
tkzc 182 182 超级英雄【蜘蛛侠】 500 1 20 0 253
tkzc 182 182 超级英雄【超人】   500 1 20 0 253

czgd	43	52	※※死亡之眼★白肆	20	50	30	0	249

sjrt	116	138	※※九天之上※主宰	300	100	30	0	249

lrzt	36	35	※※王者霸剑○祭月	30	60	30	0	249

roxg	123	129	※※裁决之镰●屠戮	300	180	30	0	249

haxl	103	61	※※六部大神◇魔尊	300	180	30	0	249

xuankongcheng	31	28	※※送葬者◆地冥	300	60	30	0	249
xuankongcheng	31	28	※※灭神者◎斗魁	300	60	30	0	249

sdww	435	362	佛本是道★★★	300	2	60	0	253
sdww	435	362	佛本专属[Boss]	300	2	60	0	253
sdww	435	362	佛本大祭司	300	1000	30	0	249
sdww	435	362	佛本大主教	300	350	30	0	249
sdww	435	362	轩辕法王	300	350	30	0	249
sdww	435	362	五当圣母	300	350	30	0	249
sdww	435	362	弥勒门人	300	400	30	0	249
sdww	435	362	玄都法师	300	350	30	0	249
sdww	435	362	燃灯大师	300	400	30	0	249
sdww	435	362	定光佛子	200	350	30	0	249
sdww 182 182 超级英雄【钢铁侠】 500 1 20 0 253
sdww 182 182 超级英雄【蝙蝠侠】 500 1 20 0 253
sdww 182 182 超级英雄【蜘蛛侠】 500 1 20 0 253
sdww 182 182 超级英雄【超人】   500 1 20 0 253

d1jz	126	112	燃灯大师	300	200	30	0	249
d1jz	126	112	佛本大祭司	300	50	30	0	249

d2jz	123	110	玄都法师	300	100	30	0	249
d2jz	126	112	佛本大祭司	300	50	30	0	249

jizhou	48	66	轩辕法王	200	100	30	0	249
jizhou	126	112	佛本大祭司	300	50	30	0	249

lianyu	82	72	弥勒门人	200	200	30	0	249
lianyu	126	112	佛本大祭司	300	50	30	0	249

twjd	78	77	定光佛子	200	100	30	0	249
twjd	126	112	佛本大祭司	300	50	30	0	249

aflyyd	190	210	恐怖★★★	500	2	60	0	253
aflyyd	190	210	无限恐怖专属[Boss]	500	2	60	0	253
aflyyd	190	210	《闪灵》	500	250	30	0	249
aflyyd	190	210	《电锯惊魂》	500	350	30	0	249
aflyyd	190	210	《驱魔人》	500	350	30	0	249
aflyyd	190	210	《寂静岭》	500	250	30	0	249
aflyyd	190	210	《午夜凶铃》	500	250	30	0	249
aflyyd	190	210	《咒怨》	100	250	30	0	249
aflyyd 182 182 超级英雄【钢铁侠】 500 1 20 0 253
aflyyd 182 182 超级英雄【蝙蝠侠】 500 1 20 0 253
aflyyd 182 182 超级英雄【蜘蛛侠】 500 1 20 0 253
aflyyd 182 182 超级英雄【超人】   500 1 20 0 253

ahcrk	74	68	《咒怨》	100	60	30	0	249
ahcrk	74	68	《闪灵》	100	60	30	0	249

anheicheng	95	95	《闪灵》	100	50	30	0	249
anheicheng	95	95	《电锯惊魂》	100	220	30	0	249
anheicheng	95	95	《驱魔人》	100	220	30	0	249
anheicheng	95	95	《寂静岭》	100	120	30	0	249
anheicheng	95	95	《午夜凶铃》	100	120	30	0	249
anheicheng	95	95	《咒怨》	100	120	30	0	249
anheicheng 182 182 超级英雄【钢铁侠】 500 1 20 0 253
anheicheng 182 182 超级英雄【蝙蝠侠】 500 1 20 0 253
anheicheng 182 182 超级英雄【蜘蛛侠】 500 1 20 0 253
anheicheng 182 182 超级英雄【超人】   500 1 20 0 253

wzyjyg	202	199	神话专属[Boss]	300	2	90	0	253
wzyjyg	202	199	帝直共工★水神	300	150	30	0	249
wzyjyg	202	199	帝喾后羿★射官	300	150	30	0	249
wzyjyg	202	199	后羿之妻★嫦娥	300	150	30	0	249
wzyjyg	202	199	创世女神★女娲	300	150	30	0	249
wzyjyg	202	199	王之守护・守护	300	50	30	0	249
wzyjyg 182 182 超级英雄【钢铁侠】 500 1 20 0 253
wzyjyg 182 182 超级英雄【蝙蝠侠】 500 1 20 0 253
wzyjyg 182 182 超级英雄【蜘蛛侠】 500 1 20 0 253
wzyjyg 182 182 超级英雄【超人】   500 1 20 0 253


wzyjf	21	23	帝直共工★水神	10	50	30	0	249
wzyjy	21	23	帝喾后羿★射官	10	50	30	0	249
wzyjb	21	23	后羿之妻★嫦娥	10	50	30	0	249
wzyjl	21	23	创世女神★女娲	10	50	30	0	249






wnxs	150	140	【村田雄介】	500	280	30	0	249
wnxs	150	140	【充值员】	500	280	30	0	249
wnxs	150	140	【腐败份子】	500	280	30	0	249
wnxs	150	140	【指环王】	500	280	30	0	249
wnxs	150	140	【国王】	500	180	30	0	249
wnxs	150	140	【作者】	500	180	30	0	249
wnxs	150	140	【泰坦尼克】	500	180	30	0	249
wnxs 182 182 超级英雄【钢铁侠】 500 1 20 0 253
wnxs 182 182 超级英雄【蝙蝠侠】 500 1 20 0 253
wnxs 182 182 超级英雄【蜘蛛侠】 500 1 20 0 253
wnxs 182 182 超级英雄【超人】   500 1 20 0 253

bxsn	60	62	【村田雄介】	500	220	60	0	249

skscx	49	63	【作者】	50	50	60	0	249

bsfx	76	68	【腐败份子】	200	80	60	0	249
bsfx	76	68	【指环王】	200	80	60	0	249

lktj	24	28	【腐败份子】	200	220	60	0	249
lktj	24	28	【指环王】	200	220	60	0	249

shanji	219	165	【泰坦尼克】	200	100	60	0	249
shanji	219	165	【国王】	200	100	60	0	249
shanji	219	165	【充值员】	200	200	60	0	249

【充值员】修炼场	52	53	【泰坦尼克】	200	100	60	0	249
【充值员】修炼场	52	53	【国王】	200	100	60	0	249
【充值员】修炼场	52	53	【充值员】	200	200	60	0	249

gente	156	250	纵火犯本汀克	500	250	30	0	249
gente	156	250	夜战司令巴比伦	500	250	30	0	249
gente	156	250	机械GT9600	500	250	30	0	249
gente	156	250	裴特舒.帕菲斯	500	250	30	0	249
gente	156	250	西克特.帕菲斯	500	250	30	0	249
gente	156	250	苏雷德	500	250	30	0	249
gente	156	250	捷克	500	250	30	0	249
gente	156	250	吉赛尔	500	250	30	0	249
gente 182 182 超级英雄【钢铁侠】 500 1 20 0 253
gente 182 182 超级英雄【蝙蝠侠】 500 1 20 0 253
gente 182 182 超级英雄【蜘蛛侠】 500 1 20 0 253
gente 182 182 超级英雄【超人】   500 1 20 0 253

atblxg	156	250	吉赛尔	500	80	60	0	249
atblxg	156	250	苏雷德	500	80	60	0	249
atblxg	156	250	捷克	500	80	60	0	249

gtnm	87	108	机械GT9600	200	80	60	0	249
gtnm	87	108	夜战司令巴比伦	200	80	60	0	249

yjxjz	95	68	机械GT9600	150	80	60	0	249
yjxjz	95	68	夜战司令巴比伦	150	80	60	0	249

gtbm	51	50	捷克	150	80	60	0	249
gtbm	51	50	吉赛尔	150	80	60	0	249

zjjmd	44	43	捷克	150	80	60	0	249
zjjmd	44	43	吉赛尔	150	80	60	0	249

gtdm	44	43	苏雷德	150	80	60	0	249
gtdm	44	43	西克特.帕菲斯	150	60	60	0	249

gtdm	44	43	苏雷德	150	80	60	0	249
gtdm	44	43	西克特.帕菲斯	150	50	60	0	249

kltbjd	44	43	苏雷德	150	80	60	0	249
kltbjd	44	43	西克特.帕菲斯	150	50	60	0	249

gtww	234	266	纵火犯本汀克	200	80	60	0	249
gtww	234	266	裴特舒.帕菲斯	200	80	60	0	249

gtfyd	74	77	纵火犯本汀克	150	60	60	0	249
gtfyd	74	77	裴特舒.帕菲斯	150	60	60	0	249

hets	201	201	纵火犯本汀克	200	250	30	0	249
hets	201	201	夜战司令巴比伦	200	250	30	0	249
hets	201	201	机械GT9600	200	250	30	0	249
hets	201	201	裴特舒.帕菲斯	200	250	30	0	249
hets	201	201	西克特.帕菲斯	200	250	30	0	249
hets	201	201	苏雷德	200	200	30	0	249
hets	201	201	捷克	200	200	30	0	249
hets	201	201	吉赛尔	200	200	30	0	249
hets	201	201	莫贝尼	200	200	30	0	249
hets	201	201	空空伊	200	200	30	0	249
hets	201	201	波迪尔	200	200	30	0	249
hets	201	201	蓝影马萨乔	200	10	30	0	249
hets	201	201	范・弗拉丁	200	10	30	0	249
hets	201	201	安祖・赛弗	200	10	30	0	249

lftxkhg	190	168	莫贝尼	200	280	30	0	249
lftxkhg	190	168	空空伊	200	280	30	0	249
lftxkhg	190	168	波迪尔	200	280	30	0	249
lftxkhg	190	168	蓝影马萨乔	260	280	30	0	249
lftxkhg	190	168	范・弗拉丁	260	280	30	0	249
lftxkhg	190	168	安祖・赛弗	260	280	30	0	249
lftxkhg 182 182 超级英雄【钢铁侠】 500 1 20 0 253
lftxkhg 182 182 超级英雄【蝙蝠侠】 500 1 20 0 253
lftxkhg 182 182 超级英雄【蜘蛛侠】 500 1 20 0 253
lftxkhg 182 182 超级英雄【超人】   500 1 20 0 253

wdhys	146	149	范・弗拉丁	200	100	30	0	249
wdhys	146	149	安祖・赛弗	200	100	30	0	249

adgd	54	50	范・弗拉丁	200	100	30	0	249
adgd	54	50	安祖・赛弗	200	100	30	0	249

hslc	127	146	蓝影马萨乔	200	500	30	0	249
hslc	127	146	波迪尔	200	50	30	0	249
hslc	127	146	空空伊	200	50	30	0	249
hslc	127	146	莫贝尼	200	50	30	0	249

hztb 	86	114	蓝影马萨乔	200	50	30	0	249
hztb 	86	114	波迪尔	200	50	30	0	249
hztb 	86	114	空空伊	200	50	30	0	249
hztb 	86	114	莫贝尼	200	50	30	0	249

yllc 	120	97	蓝影马萨乔	200	50	30	0	249
yllc 	120	97	波迪尔	200	30	30	0	249
yllc 	120	97	空空伊	200	30	30	0	249
yllc 	120	97	莫贝尼	200	30	30	0	249
yllc 	120	97	范・弗拉丁	200	30	30	0	249
yllc 	120	97	安祖・赛弗	200	30	30	0	249

ftt1	57	75	众星之子★索拉卡★	30	6	30	0	249
ftt1	57	75	扭曲树精★茂凯★	30	6	30	0	249
ftt1	57	75	堕落天使★莫甘娜★	30	6	30	0	249
ftt1	57	75	腥红收割★佛拉吉★	30	6	30	0	249
ftt1	57	75	琴瑟仙女★莎娜★	30	2	30	0	249
ftt1	57	75	战争女神★希维尔★	30	2	30	0	249
ftt1	57	75	放逐之刃★瑞文★	30	2	30	0	249
ftt1	57	75	召唤师★★★	30	1	60	0	253

ftt1	57	75	封天妖塔・至尊守卫1	30	1	30	0	253




ftt2	57	75	★雪人骑士★努努★SS	30	3	30	0	249
ftt2	57	75	★狂暴之心★凯南★BB	30	3	30	0	249
ftt2	57	75	★重装使者★凯撒★AA	30	3	30	0	249
ftt2	57	75	★远古巫灵★泽拉斯★SS	30	3	30	0	249
ftt2	57	75	★巨大恶魔★莫德★SS	30	3	30	0	249
ftt2	57	75	★巨锤死神★巴尔★AA	30	3	30	0	249
ftt2	57	75	★影流之主★劫★SS	30	3	30	0	249

ftt2	57	75	★永恒梦魇★魔腾★SS	30	2	30	0	249
ftt2	57	75	★正义巨像★加里奥★SS+	30	2	30	0	249
ftt2	57	75	★刀锋之影★泰隆★SS+	30	2	30	0	249
ftt2	57	75	峡谷王★★★	30	1	60	0	253

ftt2	57	75	封天妖塔・至尊守卫2	30	1	30	0	253



ftt3	57	75	夜影大帝¤残夜	30	6	30	0	249
ftt3	57	75	红尘大帝¤鬼索	30	6	30	0	249
ftt3	57	75	冰羽大帝¤冰封★	30	6	30	0	249
ftt3	57	75	明月大帝¤巅峰★	30	6	30	0	249
ftt3	57	75	明月大帝¤天命★	30	2	30	0	249
ftt3	57	75	幽魂大帝¤爻君★	30	2	30	0	249
ftt3	57	75	魔族后裔¤赤炎	30	2	30	0	249
ftt3	57	75	巅峰大帝★★★	30	1	60	0	253
ftt3	57	75	封天妖塔・至尊守卫3	30	1	30	0	253




ftt4	57	75	白野猪【远古】	30	8	30	0	249
ftt4	57	75	双头金刚【远古】	30	8	30	0	249
ftt4	57	75	牛魔王【远古】	30	8	30	0	249
ftt4	57	75	沃玛恶魔【远古】	30	2	30	0	249
ftt4	57	75	祖玛教主【远古】	30	2	30	0	249
ftt4	57	75	赤月恶魔【远古】	30	2	30	0	249
ftt4	57	75	回忆★★★	30	1	60	0	253
ftt4	57	75	封天妖塔・至尊守卫4	30	1	30	0	253





ftt5	57	75	●●●●上古凶兽●●●●	30	8	30	0	249
ftt5	57	75	●●●●上古异兽●●●●	30	8	30	0	249
ftt5	57	75	●●●●混沌魔兽●●●●	30	8	30	0	249
ftt5	57	75	●●●●荒古异兽●●●●	30	2	30	0	249
ftt5	57	75	●●●●混沌●●●●	30	2	30	0	249
ftt5	57	75	●●●●盘古●●●●	30	2	30	0	249
ftt5	57	75	山海★★★	30	1	60	0	253
ftt5	57	75	封天妖塔・至尊守卫5	30	1	30	0	253





ftt6	57	75	封魔尊者の	30	3	30	0	249
ftt6	57	75	毒蛇谷主の	30	3	30	0	249
ftt6	57	75	沃玛教皇の	30	3	30	0	249
ftt6	57	75	封魔尊者の	30	3	30	0	249
ftt6	57	75	比奇国王の	30	3	30	0	249
ftt6	57	75	苍月岛主の	30	3	30	0	249
ftt6	57	75	盗尸者・骨狱息	30	3	30	0	249
ftt6	57	75	沙城霸主の	30	3	30	0	249
ftt6	57	75	白日门主の	30	3	30	0	249
ftt6	57	75	传奇路★★★	30	1	60	0	253
ftt6	57	75	封天妖塔・至尊守卫6	30	1	30	0	253




ftt7	57	75	※※王者霸剑○祭月	30	3	30	0	249
ftt7	57	75	※※裁决之镰●屠戮	30	3	30	0	249
ftt7	57	75	※※九天之上※主宰	30	3	30	0	249
ftt7	57	75	※※六部大神◇魔尊	30	3	30	0	249
ftt7	57	75	※※死亡之眼★白肆	30	3	30	0	249
ftt7	57	75	※※送葬者◆地冥	30	5	30	0	249
ftt7	57	75	※※灭神者◎斗魁	30	5	30	0	249
ftt7	57	75	死神★★★	30	1	60	0	253
ftt7	57	75	封天妖塔・至尊守卫7	30	1	30	0	253





ftt8	57	75	佛本大祭司	30	3	30	0	249
ftt8	57	75	佛本大主教	30	3	30	0	249
ftt8	57	75	轩辕法王	30	3	30	0	249
ftt8	57	75	五当圣母	30	3	30	0	249
ftt8	57	75	弥勒门人	30	3	30	0	249
ftt8	57	75	燃灯大师	30	3	30	0	249
ftt8	57	75	玄都法师	30	3	30	0	249
ftt8	57	75	定光佛子	30	3	30	0	249
ftt8	57	75	佛本是道★★★	30	1	60	0	253

ftt8	57	75	封天妖塔・至尊守卫8	30	1	30	0	253





ftt9	57	75	封天妖塔・至尊守卫9	30	1	30	0	253

ftt9	57	75	《闪灵》	30	3	30	0	249
ftt9	57	75	《咒怨》	30	3	30	0	249
ftt9	57	75	《电锯惊魂》	30	3	30	0	249
ftt9	57	75	《驱魔人》	30	3	30	0	249
ftt9	57	75	《寂静岭》	30	3	30	0	249
ftt9	57	75	《午夜凶铃》	30	3	30	0	249
ftt9	57	75	恐怖★★★	30	1	60	0	253

ftt10	57	75	(远古)锤王・波罗丁	30	3	120	0	249
ftt10	57	75	封天妖塔・至尊守卫10	30	1	30	0	253
ftt10 182 182 超级英雄【钢铁侠】 500 1 20 0 253
ftt10 182 182 超级英雄【蝙蝠侠】 500 1 20 0 253
ftt10 182 182 超级英雄【蜘蛛侠】 500 1 20 0 253
ftt10 182 182 超级英雄【超人】   500 1 20 0 253


ftt11	57	75	幻境・鬼王（终极SSS+）	30	2	240	0	255
ftt11	57	75	★★★云顶之奕★★★	30	2	240	0	249
ftt12	57	75	★扎昆★・【荒古传承】	30	2	360	0	249
ftt12	57	75	牛气冲天【必爆】	30	1	360	0	249




xgzq  500  500   九海之母    1000	40    60	0	249
xgzq  500  500   搜魂一法子  1000	100    60	0	249
xgzq  500  500   雷帝v皮冻   1000	100    60	0	249
xgzq  500  500   海界第八妖  1000	100    60	0	249
xgzq  500  500   守道上仙    1000	100    60	0	249
xgzq  500  500   道无涯      1000	100    60	0	249
xgzq	570	750	超级英雄【钢铁侠】	1000	5	20	0	253
xgzq	570	750	超级英雄【蝙蝠侠】	1000	5	20	0	253
xgzq	570	750	超级英雄【蜘蛛侠】	1000	5	20	0	253
xgzq	570	750	超级英雄【超人】	1000	5	20	0	253
xgzq  500  500   【超脱之・仙古】      1000	1    480	0	255

xgzqmj  500  500   九海之母    1000	40    60	0	249
xgzqmj  500  500   搜魂一法子  1000	100    60	0	249
xgzqmj  500  500   雷帝v皮冻   1000	100    60	0	249
xgzqmj  500  500   海界第八妖  1000	100    60	0	249
xgzqmj  500  500   守道上仙    1000	100    60	0	249
xgzqmj  500  500   道无涯      1000	100    60	0	249
xgzqmj	570	750	超级英雄【钢铁侠】	1000	5	20	0	253
xgzqmj	570	750	超级英雄【蝙蝠侠】	1000	5	20	0	253
xgzqmj	570	750	超级英雄【蜘蛛侠】	1000	5	20	0	253
xgzqmj	570	750	超级英雄【超人】	1000	5	20	0	253
xgzqmj  500  500   【超脱之・仙古】      1000	1    480	0	255



yljs  500  500  海梦至尊     1000	40    60	0	249
yljs  500  500  如风之主     1000	100    60	0	249
yljs  500  500  古上神・祖   1000	100    60	0	249
yljs  500  500  丰都妖修     1000	100    60	0	249
yljs  500  500  李灵儿       1000	100    60	0	249
yljs  500  500  水墨天       1000	100    60	0	249
yljs	570	750	超级英雄【钢铁侠】	1000	5	20	0	253
yljs	570	750	超级英雄【蝙蝠侠】	1000	5	20	0	253
yljs	570	750	超级英雄【蜘蛛侠】	1000	5	20	0	253
yljs	570	750	超级英雄【超人】	1000	5	20	0	253
yljs  500  500  【超脱之・九山】       1000	1    480	0	255


yljsmj  500  500  海梦至尊     1000	40    60	0	249
yljsmj  500  500  如风之主     1000	100    60	0	249
yljsmj  500  500  古上神・祖   1000	100    60	0	249
yljsmj  500  500  丰都妖修     1000	100    60	0	249
yljsmj  500  500  李灵儿       1000	100    60	0	249
yljsmj  500  500  水墨天       1000	100    60	0	249
yljsmj	570	750	超级英雄【钢铁侠】	1000	5	20	0	253
yljsmj	570	750	超级英雄【蝙蝠侠】	1000	5	20	0	253
yljsmj	570	750	超级英雄【蜘蛛侠】	1000	5	20	0	253
yljsmj	570	750	超级英雄【超人】	1000	5	20	0	253
yljsmj  500  500  【超脱之・九山】       1000	1    480	0	255




yzgl  500  500   刍狗       1000	40    60	0	249
yzgl  500  500   无目蚕     1000	100    60	0	249
yzgl  500  500   玉罗蜂     1000	100    60	0	249
yzgl  500  500   阳脂鸟     1000	100    60	0	249
yzgl  500  500   岁月龙鱼   1000	100    60	0	249
yzgl  500  500   蛊毒蜘蛛   1000	100    60	0	249
yzgl	570	750	超级英雄【钢铁侠】	1000	5	20	0	253
yzgl	570	750	超级英雄【蝙蝠侠】	1000	5	20	0	253
yzgl	570	750	超级英雄【蜘蛛侠】	1000	5	20	0	253
yzgl	570	750	超级英雄【超人】	1000	5	20	0	253
yzgl  500  500   【超脱之・妖尊】   1000	1    480	0	255

yzglmj  500  500   刍狗       1000	40    60	0	249
yzglmj  500  500   无目蚕     1000	100    60	0	249
yzglmj  500  500   玉罗蜂     1000	100    60	0	249
yzglmj  500  500   阳脂鸟     1000	100    60	0	249
yzglmj  500  500   岁月龙鱼   1000	100    60	0	249
yzglmj  500  500   蛊毒蜘蛛   1000	100    60	0	249
yzglmj  500  500   【超脱之・妖尊】   1000	1    480	0	255
yzglmj	570	750	超级英雄【钢铁侠】	1000	5	20	0	253
yzglmj	570	750	超级英雄【蝙蝠侠】	1000	5	20	0	253
yzglmj	570	750	超级英雄【蜘蛛侠】	1000	5	20	0	253
yzglmj	570	750	超级英雄【超人】	1000	5	20	0	253



cmzd  500  500  天尘祖师   1000	40    60	0	249
cmzd  500  500  白雾尘仙   1000	100    60	0	249
cmzd  500  500  罗天       1000	100    60	0	249
cmzd  500  500  灭生老人   1000	100    60	0	249
cmzd  500  500  逍遥墨池   1000	100    60	0	249
cmzd  500  500  银灯上人   1000	100    60	0	249
cmzd	570	750	超级英雄【钢铁侠】	1000	5	20	0	253
cmzd	570	750	超级英雄【蝙蝠侠】	1000	5	20	0	253
cmzd	570	750	超级英雄【蜘蛛侠】	1000	5	20	0	253
cmzd	570	750	超级英雄【超人】	1000	5	20	0	253
cmzd  500  500  【超脱之・苍茫】   1000	1    720	0	255

cmzdmj  500  500  天尘祖师   1000	40    60	0	249
cmzdmj  500  500  白雾尘仙   1000	100    60	0	249
cmzdmj  500  500  罗天       1000	100    60	0	249
cmzdmj  500  500  灭生老人   1000	100    60	0	249
cmzdmj  500  500  逍遥墨池   1000	100    60	0	249
cmzdmj  500  500  银灯上人   1000	100    60	0	249
cmzdmj  500  500  【超脱之・苍茫】   1000	1    480	0	255
cmzdmj	570	750	超级英雄【钢铁侠】	1000	5	20	0	253
cmzdmj	570	750	超级英雄【蝙蝠侠】	1000	5	20	0	253
cmzdmj	570	750	超级英雄【蜘蛛侠】	1000	5	20	0	253
cmzdmj	570	750	超级英雄【超人】	1000	5	20	0	253



xkch  500  500  许清【执念】   1000	30    60	0	249
xkch  500  500  柯九思         1000	100    60	0	249
xkch  500  500  柯云海         1000	100    60	0	249
xkch  500  500  蹩脚的仙人     1000	100    60	0	249
xkch  500  500  冥宫一抹鬼影   1000	100    60	0	249
xkch  500  500  化妖清佳祁     1000	100    60	0	249
xkch	570	750	超级英雄【钢铁侠】	1000	5	20	0	253
xkch	570	750	超级英雄【蝙蝠侠】	1000	5	20	0	253
xkch	570	750	超级英雄【蜘蛛侠】	1000	5	20	0	253
xkch	570	750	超级英雄【超人】	1000	5	20	0	253
xkch  500  500  【超脱之・沧海】     1000	1   720	0	255

xkchmj  500  500  许清【执念】   1000	30    60	0	249
xkchmj  500  500  柯九思         1000	100    60	0	249
xkchmj  500  500  柯云海         1000	100    60	0	249
xkchmj  500  500  蹩脚的仙人     1000	100    60	0	249
xkchmj  500  500  冥宫一抹鬼影   1000	100    60	0	249
xkchmj  500  500  化妖清佳祁     1000	100    60	0	249
xkchmj  500  500  【超脱之・沧海】     1000	1   480	0	255
xkchmj	570	750	超级英雄【钢铁侠】	1000	5	20	0	253
xkchmj	570	750	超级英雄【蝙蝠侠】	1000	5	20	0	253
xkchmj	570	750	超级英雄【蜘蛛侠】	1000	5	20	0	253
xkchmj	570	750	超级英雄【超人】	1000	5	20	0	253



hhst  500  500  书生孟浩【超脱】   1000      30    60	0	249
hhst  500  500  青虹剑修【道尊】   1000	100    60	0	249
hhst  500  500  易阳神君【空涅】   1000	100    60	0	249
hhst  500  500  跃天尊【净涅】     1000	100    60	0	249
hhst  500  500  道无涯【如道】     1000	100    60	0	249
hhst  500  500  靠山老乌龟【勿忘】 1000	100    60	0	249
hhst  500  500  【超脱之・桑田】   1000	1    720	0	255
hhst	570	750	超级英雄【钢铁侠】	1000	5	20	0	253
hhst	570	750	超级英雄【蝙蝠侠】	1000	5	20	0	253
hhst	570	750	超级英雄【蜘蛛侠】	1000	5	20	0	253
hhst	570	750	超级英雄【超人】	1000	5	20	0	253

hhstmj  500  500  书生孟浩【超脱】   1000      30    60	0	249
hhstmj  500  500  青虹剑修【道尊】   1000	100    60	0	249
hhstmj  500  500  易阳神君【空涅】   1000	100    60	0	249
hhstmj  500  500  跃天尊【净涅】     1000	100    60	0	249
hhstmj  500  500  道无涯【如道】     1000	100    60	0	249
hhstmj  500  500  靠山老乌龟【勿忘】 1000	100    60	0	249
hhstmj  500  500  【超脱之・桑田】   1000	1    480	0	255
hhstmj	570	750	超级英雄【钢铁侠】	1000	5	20	0	253
hhstmj	570	750	超级英雄【蝙蝠侠】	1000	5	20	0	253
hhstmj	570	750	超级英雄【蜘蛛侠】	1000	5	20	0	253
hhstmj	570	750	超级英雄【超人】	1000	5	20	0	253


318j  500  500  书生孟浩【超脱】 1000	3    60	0	249
318j  500  500  青虹剑修【道尊】   1000	10    60	0	249
318j  500  500  易阳神君【空涅】   1000	10    60	0	249
318j  500  500  跃天尊【净涅】     1000	10    60	0	249
318j  500  500  道无涯【如道】     1000	10    60	0	249
318j  500  500  靠山老乌龟【勿忘】 1000	10    60	0	249

318j  500  500  柯九思         1000	10    60	0	249
318j  500  500  柯云海         1000	10    60	0	249
318j  500  500  蹩脚的仙人     1000	10    60	0	249
318j  500  500  冥宫一抹鬼影   1000	10    60	0	249
318j  500  500  化妖清佳祁     1000	10    60	0	249
318j  500  500  许清【执念】     1000	3    60	0	249

318j  500  500   搜魂一法子  1000	10    60	0	249
318j  500  500   雷帝v皮冻   1000	10    60	0	249
318j  500  500   海界第八妖  1000	10    60	0	249
318j  500  500   守道上仙    1000	10    60	0	249
318j  500  500   道无涯      1000	10    60	0	249
318j  500  500   天尘祖师      1000	3    60	0	249

318j  500  500  如风之主     1000	10    60	0	249
318j  500  500  古上神・祖   1000	10    60	0	249
318j  500  500  丰都妖修     1000	10    60	0	249
318j  500  500  李灵儿       1000	10    60	0	249
318j  500  500  水墨天       1000	10    60	0	249
318j  500  500  刍狗       1000	3    60	0	249

318j  500  500   无目蚕     1000	10    60	0	249
318j  500  500   玉罗蜂     1000	10    60	0	249
318j  500  500   阳脂鸟     1000	10    60	0	249
318j  500  500   岁月龙鱼   1000	10    60	0	249
318j  500  500   蛊毒蜘蛛   1000	10    60	0	249
318j  500  500   海梦至尊   1000	3    60	0	249

318j  500  500  白雾尘仙   1000	10    60	0	249
318j  500  500  罗天       1000	10    60	0	249
318j  500  500  灭生老人   1000	10    60	0	249
318j  500  500  逍遥墨池   1000	10    60	0	249
318j  500  500  银灯上人   1000	10    60	0	249
318j  500  500  九海之母   1000	3    60	0	249


chaotuolu 24 56 超脱弓箭守卫 0  1 1 0 5
chaotuolu 25 55 超脱弓箭守卫 0  1 1 0 5
chaotuolu 26 54 超脱弓箭守卫 0  1 1 0 5
chaotuolu 27 53 超脱弓箭守卫 0  1 1 0 5
chaotuolu 28 52 超脱弓箭守卫 0  1 1 0 5
chaotuolu 30 50 超脱弓箭守卫 0  1 1 0 5
chaotuolu 31 49 超脱弓箭守卫 0  1 1 0 5
chaotuolu 32 48 超脱弓箭守卫 0  1 1 0 5
chaotuolu 33 47 超脱弓箭守卫 0  1 1 0 5
chaotuolu 34 46 超脱弓箭守卫 0  1 1 0 5
chaotuolu 35 45 超脱弓箭守卫 0  1 1 0 5
chaotuolu 37 44 超脱弓箭守卫 0  1 1 0 5
chaotuolu 39 43 超脱弓箭守卫 0  1 1 0 5
chaotuolu 40 42 超脱弓箭守卫 0  1 1 0 5
chaotuolu 41 41 超脱弓箭守卫 0  1 1 0 5
chaotuolu 42 40 超脱弓箭守卫 0  1 1 0 5
chaotuolu 43 39 超脱弓箭守卫 0  1 1 0 5
chaotuolu 44 38 超脱弓箭守卫 0  1 1 0 5
chaotuolu 45 37 超脱弓箭守卫 0  1 1 0 5
chaotuolu 38 44 超脱弓箭守卫 0  1 1 0 5
chaotuolu 36 45 超脱弓箭守卫 0  1 1 0 5
chaotuolu 29 51 超脱弓箭守卫 0  1 1 0 5
chaotuolu 46 36 超脱弓箭守卫 0  1 1 0 5


chaotuolu 31 62 超脱弓箭守卫1 0  1 1 0 5
chaotuolu 32 61 超脱弓箭守卫1 0  1 1 0 5
chaotuolu 33 60 超脱弓箭守卫1 0  1 1 0 5
chaotuolu 34 59 超脱弓箭守卫1 0  1 1 0 5
chaotuolu 36 58 超脱弓箭守卫1 0  1 1 0 5
chaotuolu 37 57 超脱弓箭守卫1 0  1 1 0 5
chaotuolu 39 56 超脱弓箭守卫1 0  1 1 0 5
chaotuolu 40 55 超脱弓箭守卫1 0  1 1 0 5
chaotuolu 41 54 超脱弓箭守卫1 0  1 1 0 5
chaotuolu 42 53 超脱弓箭守卫1 0  1 1 0 5
chaotuolu 43 52 超脱弓箭守卫1 0  1 1 0 5
chaotuolu 44 51 超脱弓箭守卫1 0  1 1 0 5
chaotuolu 45 50 超脱弓箭守卫1 0  1 1 0 5
chaotuolu 46 49 超脱弓箭守卫1 0  1 1 0 5
chaotuolu 47 48 超脱弓箭守卫1 0  1 1 0 5
chaotuolu 48 47 超脱弓箭守卫1 0  1 1 0 5
chaotuolu 49 46 超脱弓箭守卫1 0  1 1 0 5
chaotuolu 50 45 超脱弓箭守卫1 0  1 1 0 5
chaotuolu 51 44 超脱弓箭守卫1 0  1 1 0 5
chaotuolu 52 43 超脱弓箭守卫1 0  1 1 0 5
chaotuolu 38 56 超脱弓箭守卫1 0  1 1 0 5
chaotuolu 35 58 超脱弓箭守卫1 0  1 1 0 5



chaotuotu1 54 97 【追梦】 0 1 300 0 5
chaotuotu2 54 97 【追梦】1 0 1 300 0 5
chaotuotu3 54 97 【追梦】2 0 1 300 0 5
chaotuotu4 54 97 【追梦】3 0 1 300 0 5
chaotuotu5 54 97 【追梦】4 0 1 300 0 5
chaotuotu6 54 97 【追梦】5 0 1 300 0 5
chaotuotu7 54 97 【追梦】6 0 1 300 0 5
chaotuotu8 54 97 【追梦】7 0 1 300 0 5


qipan 100  100  九海之母          100  15  60  244
qipan 100  100  海梦至尊          100  15  60  244
qipan 100  100  刍狗              100  15  60  244
qipan 100  100  天尘祖师          100  15  60  244
qipan 100  100  许清【执念】      100  15  60  244
qipan 100  100  书生孟浩【超脱】  100  15  60  244
qipan 100  100  超级英雄【超人】  100  1  60  244
qipan1 100  100  九海之母          100  15  60  244
qipan1 100  100  海梦至尊          100  15  60  244
qipan1 100  100  刍狗              100  15  60  244
qipan1 100  100  天尘祖师          100  15  60  244
qipan1 100  100  许清【执念】      100  15  60  244
qipan1 100  100  书生孟浩【超脱】  100  15  60  244
qipan1 100  100  超级英雄【超人】  100  1  60  244
qipan2 100  100  九海之母          100  15  60  244
qipan2 100  100  海梦至尊          100  15  60  244
qipan2 100  100  刍狗              100  15  60  244
qipan2 100  100  天尘祖师          100  15  60  244
qipan2 100  100  许清【执念】      100  15  60  244
qipan2 100  100  书生孟浩【超脱】  100  15  60  244
qipan2 100  100  超级英雄【超人】  100  1  60  244
qipan2 43 23 七哥【超脱】 0  1 840 0 5


d71601 50  50  红野猪    100  100  60  255
d71601 50  50  黑野猪    100  100  60  255
d71601 50  50  蝎蛇    100  100  60  255
d71601 50  50  黑色恶蛆    100  100  60  255

d71602 50  50  红野猪    100  100  60  255
d71602 50  50  黑野猪    100  100  60  255
d71602 50  50  蝎蛇    100  100  60  255
d71602 50  50  黑色恶蛆    100  100  60  255

d71603 50  50  红野猪    100  100  60  255
d71603 50  50  黑野猪    100  100  60  255
d71603 50  50  蝎蛇    100  100  60  255
d71603 50  50  黑色恶蛆    100  100  60  255

d71604 50  50  红野猪    100  100  60  255
d71604 50  50  黑野猪    100  100  60  255
d71604 50  50  蝎蛇    100  100  60  255
d71604 50  50  黑色恶蛆    100  100  60  255

d71605 50  50  红野猪    100  100  60  255
d71605 50  50  黑野猪    100  100  60  255
d71605 50  50  蝎蛇    100  100  60  255
d71605 50  50  黑色恶蛆    100  100  60  255

d71606 50  50  红野猪    100  100  60  255
d71606 50  50  黑野猪    100  100  60  255
d71606 50  50  蝎蛇    100  100  60  255
d71606 50  50  黑色恶蛆    100  100  60  255

d71607 50  50  红野猪    100  100  60  255
d71607 50  50  黑野猪    100  100  60  255
d71607 50  50  蝎蛇    100  100  60  255
d71607 50  50  黑色恶蛆    100  100  60  255

d71608 50  50  红野猪    100  100  60  255
d71608 50  50  黑野猪    100  100  60  255
d71608 50  50  蝎蛇    100  100  60  255
d71608 50  50  黑色恶蛆    100  100  60  255

d71609 50  50  红野猪    100  100  60  255
d71609 50  50  黑野猪    100  100  60  255
d71609 50  50  蝎蛇    100  100  60  255
d71609 50  50  黑色恶蛆    100  100  60  255

d71610 50  50  红野猪    100  100  60  255
d71610 50  50  黑野猪    100  100  60  255
d71610 50  50  蝎蛇    100  100  60  255
d71610 50  50  黑色恶蛆    100  100  60  255

d71611 50  50  红野猪    100  100  60  255
d71611 50  50  黑野猪    100  100  60  255
d71611 50  50  蝎蛇    100  100  60  255
d71611 50  50  黑色恶蛆    100  100  60  255

d71612 50  50  红野猪    100  100  60  255
d71612 50  50  黑野猪    100  100  60  255
d71612 50  50  蝎蛇    100  100  60  255
d71612 50  50  黑色恶蛆    100  100  60  255

d71613 50  50  红野猪    100  100  60  255
d71613 50  50  黑野猪    100  100  60  255
d71613 50  50  蝎蛇    100  100  60  255
d71613 50  50  黑色恶蛆    100  100  60  255

d71614 50  50  红野猪    100  100  60  255
d71614 50  50  黑野猪    100  100  60  255
d71614 50  50  蝎蛇    100  100  60  255
d71614 50  50  黑色恶蛆    100  100  60  255

d71615 50  50  红野猪    100  100  60  255
d71615 50  50  黑野猪    100  100  60  255
d71615 50  50  蝎蛇    100  100  60  255
d71615 50  50  黑色恶蛆    100  100  60  255

d71616 50  50  红野猪    100  100  60  255
d71616 50  50  黑野猪    100  100  60  255
d71616 50  50  蝎蛇    100  100  60  255
d71616 50  50  黑色恶蛆    100  100  60  255

d71617 50  50  红野猪    100  100  60  255
d71617 50  50  黑野猪    100  100  60  255
d71617 50  50  蝎蛇    100  100  60  255
d71617 50  50  黑色恶蛆    100  100  60  255

d71618 50  50  红野猪    100  100  60  255
d71618 50  50  黑野猪    100  100  60  255
d71618 50  50  蝎蛇    100  100  60  255
d71618 50  50  黑色恶蛆    100  100  60  255

d71619 50  50  红野猪    100  100  60  255
d71619 50  50  黑野猪    100  100  60  255
d71619 50  50  蝎蛇    100  100  60  255
d71619 50  50  黑色恶蛆    100  100  60  255

d71620 50  50  红野猪    100  100  60  255
d71620 50  50  黑野猪    100  100  60  255
d71620 50  50  蝎蛇    100  100  60  255
d71620 50  50  黑色恶蛆    100  100  60  255

d71621 50  50  红野猪    100  100  60  255
d71621 50  50  黑野猪    100  100  60  255
d71621 50  50  蝎蛇    100  100  60  255
d71621 50  50  黑色恶蛆    100  100  60  255

d71622 50  50  红野猪    100  100  60  255
d71622 50  50  黑野猪    100  100  60  255
d71622 50  50  蝎蛇    100  100  60  255
d71622 50  50  黑色恶蛆    100  100  60  255

d71623 50  50  红野猪    100  100  60  255
d71623 50  50  黑野猪    100  100  60  255
d71623 50  50  蝎蛇    100  100  60  255
d71623 50  50  黑色恶蛆    100  100  60  255

d71624 50  50  红野猪    100  100  60  255
d71624 50  50  黑野猪    100  100  60  255
d71624 50  50  蝎蛇    100  100  60  255
d71624 50  50  黑色恶蛆    100  100  60  255

d71625 50  50  红野猪    100  100  60  255
d71625 50  50  黑野猪    100  100  60  255
d71625 50  50  蝎蛇    100  100  60  255
d71625 50  50  黑色恶蛆    100  100  60  255

d71650  50  50  封天・白野猪    100  1  60  255

d5061  50  50  玛弓箭手   100  3  60  255
d5061  50  50  祖玛卫士   100  8  60  255
d5061  50  50  祖玛统领   100  8  60  255

d5062  50  50  玛弓箭手   100  3  60  255
d5062  50  50  祖玛卫士   100  8  60  255
d5062  50  50  祖玛统领   100  8  60  255

d5063  50  50  玛弓箭手   100  3  60  255
d5063  50  50  祖玛卫士   100  8  60  255
d5063  50  50  祖玛统领   100  8  60  255

d5064  50  50  玛弓箭手   100  3  60  255
d5064  50  50  祖玛卫士   100  8  60  255
d5064  50  50  祖玛统领   100  8  60  255

d5065  50  50  玛弓箭手   100  3  60  255
d5065  50  50  祖玛卫士   100  8  60  255
d5065  50  50  祖玛统领   100  8  60  255
d5065  50  50  封天・祖玛教主   100  1  60  255


d5066  50  50  玛弓箭手   100  3  60  255
d5066  50  50  祖玛卫士   100  8  60  255
d5066  50  50  祖玛统领   100  8  60  255

d5067  50  50  玛弓箭手   100  3  60  255
d5067  50  50  祖玛卫士   100  8  60  255
d5067  50  50  祖玛统领   100  8  60  255

d5068  50  50  玛弓箭手   100  3  60  255
d5068  50  50  祖玛卫士   100  8  60  255
d5068  50  50  祖玛统领   100  8  60  255

d5069  50  50  玛弓箭手   100  3  60  255
d5069  50  50  祖玛卫士   100  8  60  255
d5069  50  50  祖玛统领   100  8  60  255

d5071  50  50  封天・祖玛教主   100  1  60  255




;=================五季怪物


jingluoshi  200  200  古魅  500  100  60  255
jingluoshi  200  200  九目血蟾  500  100  60  255
jingluoshi  200  200  月睛玄水兽  500  100  60  255
jingluoshi  200  200  花奴  500  100  60  255
jingluoshi  200  200  双子蝶  500  100  60  255
jingluoshi  200  200  胆小的冥龟  500  50  60  255


wanwusu  200  200  未央龟  500  50  60  255
wanwusu  200  200  摇着桨的船夫  500  20  60  255
wanwusu  200  200  墨角犀  500  50  60  255
wanwusu  200  200  三足金蟾  500  50  60  255
wanwusu  200  200  碧眼蟾蜍  500  50  60  255
wanwusu  200  200  深海鲸王  500  50  60  255



xcly  200  200  天枢  500  50  60  255
xcly  200  200  天璇  500  50  60  255
xcly  200  200  天玑  500  50  60  255
xcly  200  200  天权   500  50  60  255
xcly  200  200  玉衡   500  50  60  255
xcly  200  200  十万念动・开阳  500  20  60  255


12xg  200  200  摇光  500  50  60  255
12xg  200  200  紫微  500  50  60  255
12xg  200  200  勾陈  500  50  60  255
12xg  200  200  太微  500  50  60  255
12xg  200  200  贪狼  500  50  60  255
12xg  200  200  极过・璋余  500  20  60  255



情劫裂缝  200  200  蒙・幽幽冥冥  500  50  60  255
情劫裂缝  200  200  蒙・明尊  500  50  60  255
情劫裂缝  200  200  蒙・灵牙  500  50  60  255
情劫裂缝  200  200  蒙・鬼影森森  500  50  60  255
情劫裂缝  200  200  蒙・墨非魔耶  500  50  60  255
情劫裂缝  200  200  蒙・情劫・Boss  500  20  60  255


心劫裂缝  200  200  鸿・炽杀  500  50  60  255
心劫裂缝  200  200  鸿・阴司神王  500  50  60  255
心劫裂缝  200  200  鸿・银花姥姥  500  50  60  255
心劫裂缝  200  200  鸿・竹林岛主  500  50  60  255
心劫裂缝  200  200  鸿・匠神车侯辕  500  50  60  255
心劫裂缝  200  200  鸿・心劫・Boss  500  20  60  255

;四大陆个人捐献
个人捐献第一地图  200  200  苍・龙  500  80  30  255
个人捐献第一地图  200  200  天地无情-刍狗  500  80  30  255
个人捐献第一地图  200  200  鸿蒙金榜  500  80  30  255
个人捐献第一地图  200  200  鸿蒙神尊  500  80  30  255
个人捐献第一地图  200  200  古妖  500  80  30  255
个人捐献第一地图  200  200  古魔  500  80  30  255
个人捐献第一地图  200  200  青衣韩山  500  80  30  255
个人捐献第一地图  200  200  季家之子  500  80  30  255
个人捐献第一地图  200  200  寒土妖帝  500  80  30  255
个人捐献第一地图  200  200  血面老怪  500  80  30  255
个人捐献第一地图  200  200  靠山老祖  500  80  30  255
个人捐献第一地图  200  200  妖女芷香  500  80  30  255
个人捐献第一地图  200  200  墨居仁  500  80  30  255
个人捐献第一地图  200  200  大衍神君  500  80  30  255
个人捐献第一地图  200  200  莫简离  500  80  30  255
个人捐献第一地图  200  200  紫灵仙子  500  80  30  255
个人捐献第一地图  200  200  慕沛灵  500  80  30  255
个人捐献第一地图  200  200  宝花始祖  500  80  30  255
个人捐献第一地图  200  200  至尊柳神  500  80  30  255
个人捐献第一地图  200  200  大龟驮  500  80  30  255
个人捐献第一地图  200  200  混世魔猿  500  80  30  255
个人捐献第一地图  200  200  神圣孔雀  500  80  30  255
个人捐献第一地图  200  200  不死仙凰  500  80  30  255
个人捐献第一地图  200  200  齐道临  500  80  30  255
个人捐献第一地图  200  200  古乙丁三雨  500  80  30  255
个人捐献第一地图  200  200  墨土修士  500  80  30  255
个人捐献第一地图  200  200  九山海・季主  500  50  30  255
个人捐献第一地图  200  200  季主七妃  500  80  30  255
个人捐献第一地图  200  200  海东青  500  80  30  255
个人捐献第一地图  200  200  李主死侍  500  80  30  255
个人捐献第一地图  200  200  血獒  500  70  30  255
个人捐献第一地图  200  200  蚊兽  500  70  30  255
个人捐献第一地图  200  200  黎仙  500  70  30  255
个人捐献第一地图  200  200  血妖分身  500  70  30  255
个人捐献第一地图  200  200  九山海・李主  500  30  30  255
个人捐献第一地图  200  200  吾名道方  500  70  30  255
个人捐献第一地图  200  200  神妖魔灵  500  30  30  255
个人捐献第一地图  200  200  韩  500  60  30  255
个人捐献第一地图  200  200  五爷  500  50  30  255
个人捐献第一地图  200  200  纵无涯  500  50  30  255
个人捐献第一地图  200  200  玄方至尊  500  50  30  255
个人捐献第一地图  200  200  季东阳  500  50  30  255
个人捐献第一地图  200  200  道天  500  50  30  255
个人捐献第一地图  200  200  疯子  500  50  30  255
个人捐献第一地图  200  200  人仙鬼怪  500  20  30  255
个人捐献第一地图  200  200  方秀山  500  50  30  255
个人捐献第一地图  200  200  许清  500  50  30  255
个人捐献第一地图  200  200  黑发戮默  500  50  30  255

新封天大陆  59  68  材料使者  1  1  30  255


H008 69 76 练功师 0 1 1 0 222
H008 72 72 练功师 0 1 1 0 222
H008 72 74 练功师 0 1 1 0 222
H008 71 75 练功师 0 1 1 0 222
H008 70 76 练功师 0 1 1 0 222

